-0.000057 -0.000109 -0.000050 0.000330 -0.000077 -0.001336 -0.000042 0.001850 -0.000042 -0.001336 -0.000077 0.000330 -0.000050 -0.000109 -0.000057
-0.000060 -0.000249 -0.000032 0.001356 -0.000130 -0.004730 -0.000002 0.006908 -0.000002 -0.004730 -0.000130 0.001356 -0.000032 -0.000249 -0.000060
-0.000066 -0.000632 0.000018 0.004172 -0.000277 -0.014047 0.000107 0.020791 0.000107 -0.014047 -0.000277 0.004172 0.000018 -0.000632 -0.000066
-0.000080 -0.001468 0.000126 0.010314 -0.000597 -0.034367 0.000343 0.051069 0.000343 -0.034367 -0.000597 0.010314 0.000126 -0.001468 -0.000080
-0.000103 -0.002893 0.000311 0.020779 -0.001142 -0.068990 0.000747 0.102661 0.000747 -0.068990 -0.001142 0.020779 0.000311 -0.002893 -0.000103
-0.000134 -0.004725 0.000548 0.034238 -0.001843 -0.113523 0.001265 0.169019 0.001265 -0.113523 -0.001843 0.034238 0.000548 -0.004725 -0.000134
-0.000161 -0.006352 0.000758 0.046191 -0.002465 -0.153069 0.001726 0.227946 0.001726 -0.153069 -0.002465 0.046191 0.000758 -0.006352 -0.000161
-0.000172 -0.007012 0.000844 0.051038 -0.002718 -0.169106 0.001913 0.251843 0.001913 -0.169106 -0.002718 0.051038 0.000844 -0.007012 -0.000172
-0.000161 -0.006352 0.000758 0.046191 -0.002465 -0.153069 0.001726 0.227946 0.001726 -0.153069 -0.002465 0.046191 0.000758 -0.006352 -0.000161
-0.000134 -0.004725 0.000548 0.034238 -0.001843 -0.113523 0.001265 0.169019 0.001265 -0.113523 -0.001843 0.034238 0.000548 -0.004725 -0.000134
-0.000103 -0.002893 0.000311 0.020779 -0.001142 -0.068990 0.000747 0.102661 0.000747 -0.068990 -0.001142 0.020779 0.000311 -0.002893 -0.000103
-0.000080 -0.001468 0.000126 0.010314 -0.000597 -0.034367 0.000343 0.051069 0.000343 -0.034367 -0.000597 0.010314 0.000126 -0.001468 -0.000080
-0.000066 -0.000632 0.000018 0.004172 -0.000277 -0.014047 0.000107 0.020791 0.000107 -0.014047 -0.000277 0.004172 0.000018 -0.000632 -0.000066
-0.000060 -0.000249 -0.000032 0.001356 -0.000130 -0.004730 -0.000002 0.006908 -0.000002 -0.004730 -0.000130 0.001356 -0.000032 -0.000249 -0.000060
-0.000057 -0.000109 -0.000050 0.000330 -0.000077 -0.001336 -0.000042 0.001850 -0.000042 -0.001336 -0.000077 0.000330 -0.000050 -0.000109 -0.000057
