-0.000088 -0.000078 0.000032 0.000310 0.000490 -0.000030 -0.001246 -0.001981 -0.001356 -0.000146 0.000439 0.000309 0.000042 -0.000073 -0.000087
-0.000050 0.000110 0.000416 0.000267 -0.001525 -0.004601 -0.005527 -0.001889 0.003043 0.004426 0.002402 0.000314 -0.000354 -0.000262 -0.000124
0.000072 0.000176 -0.000629 -0.003861 -0.008154 -0.006446 0.005653 0.018403 0.017950 0.006506 -0.002519 -0.003794 -0.001734 -0.000357 -0.000035
-0.000122 -0.001182 -0.004284 -0.006616 0.001989 0.026379 0.046008 0.032823 -0.003867 -0.026152 -0.020869 -0.006891 0.000196 0.000981 0.000309
-0.000851 -0.002286 -0.001011 0.012886 0.041514 0.054286 0.011726 -0.062549 -0.092193 -0.055165 -0.006112 0.012314 0.008324 0.002221 0.000048
-0.000479 0.002006 0.013170 0.030775 0.022693 -0.048875 -0.144084 -0.153345 -0.053108 0.046943 0.064387 0.031276 0.004998 -0.001940 -0.001265
0.001405 0.006040 0.009719 -0.010861 -0.079119 -0.149202 -0.110250 0.049218 0.173469 0.149619 0.050908 -0.009300 -0.015767 -0.006265 -0.001048
0.001229 -0.000258 -0.015134 -0.051195 -0.071762 0.001383 0.161840 0.251822 0.161840 0.001383 -0.071762 -0.051195 -0.015134 -0.000258 0.001229
-0.001048 -0.006265 -0.015767 -0.009300 0.050908 0.149619 0.173469 0.049218 -0.110250 -0.149202 -0.079119 -0.010861 0.009719 0.006040 0.001405
-0.001265 -0.001940 0.004998 0.031276 0.064387 0.046943 -0.053108 -0.153345 -0.144084 -0.048875 0.022693 0.030775 0.013170 0.002006 -0.000479
0.000048 0.002221 0.008324 0.012314 -0.006112 -0.055165 -0.092193 -0.062549 0.011726 0.054286 0.041514 0.012886 -0.001011 -0.002286 -0.000851
0.000309 0.000981 0.000196 -0.006891 -0.020869 -0.026152 -0.003867 0.032823 0.046008 0.026379 0.001989 -0.006616 -0.004284 -0.001182 -0.000122
-0.000035 -0.000357 -0.001734 -0.003794 -0.002519 0.006506 0.017950 0.018403 0.005653 -0.006446 -0.008154 -0.003861 -0.000629 0.000176 0.000072
-0.000124 -0.000262 -0.000354 0.000314 0.002402 0.004426 0.003043 -0.001889 -0.005527 -0.004601 -0.001525 0.000267 0.000416 0.000110 -0.000050
-0.000087 -0.000073 0.000042 0.000309 0.000439 -0.000146 -0.001356 -0.001981 -0.001246 -0.000030 0.000490 0.000310 0.000032 -0.000078 -0.000088
