-0.000040 -0.000038 -0.000032 -0.000020 0.000002 0.000035 0.000079 0.000127 0.000169 0.000190 0.000172 0.000101 -0.000032 -0.000220 -0.000442 -0.000663 -0.000843 -0.000944 -0.000943 -0.000839 -0.000652 -0.000416 -0.000175 0.000032 0.000180 0.000258 0.000274 0.000242 0.000185 0.000119 0.000060 0.000014 -0.000016 -0.000034 -0.000042 -0.000044 -0.000043
-0.000035 -0.000027 -0.000012 0.000014 0.000052 0.000099 0.000149 0.000187 0.000193 0.000142 0.000017 -0.000193 -0.000477 -0.000802 -0.001116 -0.001357 -0.001467 -0.001414 -0.001194 -0.000842 -0.000419 -0.000000 0.000349 0.000583 0.000686 0.000672 0.000573 0.000429 0.000279 0.000147 0.000048 -0.000016 -0.000049 -0.000062 -0.000063 -0.000057 -0.000051
-0.000023 -0.000006 0.000022 0.000061 0.000108 0.000153 0.000178 0.000157 0.000060 -0.000136 -0.000441 -0.000838 -0.001280 -0.001691 -0.001981 -0.002068 -0.001903 -0.001485 -0.000872 -0.000163 0.000521 0.001069 0.001407 0.001512 0.001410 0.001163 0.000846 0.000528 0.000259 0.000064 -0.000056 -0.000113 -0.000127 -0.000116 -0.000096 -0.000076 -0.000059
-0.000003 0.000024 0.000060 0.000102 0.000135 0.000139 0.000082 -0.000070 -0.000346 -0.000753 -0.001267 -0.001822 -0.002313 -0.002616 -0.002620 -0.002256 -0.001530 -0.000530 0.000587 0.001634 0.002435 0.002875 0.002922 0.002623 0.002088 0.001451 0.000837 0.000332 -0.000021 -0.000222 -0.000300 -0.000296 -0.000249 -0.000188 -0.000133 -0.000090 -0.000063
0.000019 0.000050 0.000081 0.000098 0.000075 -0.000022 -0.000230 -0.000582 -0.001082 -0.001694 -0.002331 -0.002856 -0.003109 -0.002941 -0.002266 -0.001099 0.000427 0.002081 0.003581 0.004669 0.005171 0.005041 0.004365 0.003328 0.002156 0.001060 0.000187 -0.000395 -0.000692 -0.000763 -0.000688 -0.000542 -0.000384 -0.000249 -0.000150 -0.000087 -0.000052
0.000033 0.000051 0.000049 0.000000 -0.000132 -0.000388 -0.000797 -0.001360 -0.002028 -0.002690 -0.003179 -0.003291 -0.002845 -0.001737 0.000002 0.002184 0.004480 0.006493 0.007853 0.008312 0.007812 0.006496 0.004660 0.002666 0.000853 -0.000541 -0.001410 -0.001778 -0.001754 -0.001487 -0.001118 -0.000754 -0.000455 -0.000243 -0.000113 -0.000045 -0.000017
0.000018 -0.000000 -0.000070 -0.000227 -0.000510 -0.000945 -0.001525 -0.002187 -0.002801 -0.003164 -0.003040 -0.002214 -0.000570 0.001838 0.004754 0.007735 0.010247 0.011784 0.012014 0.010868 0.008567 0.005562 0.002406 -0.000381 -0.002434 -0.003600 -0.003931 -0.003623 -0.002938 -0.002123 -0.001363 -0.000761 -0.000348 -0.000105 0.000012 0.000048 0.000043
-0.000041 -0.000123 -0.000288 -0.000572 -0.000994 -0.001538 -0.002129 -0.002616 -0.002774 -0.002336 -0.001066 0.001158 0.004254 0.007885 0.011489 0.014376 0.015895 0.015618 0.013472 0.009784 0.005204 0.000539 -0.003455 -0.006243 -0.007613 -0.007667 -0.006739 -0.005263 -0.003651 -0.002207 -0.001099 -0.000366 0.000040 0.000208 0.000232 0.000185 0.000119
-0.000150 -0.000308 -0.000566 -0.000939 -0.001400 -0.001865 -0.002169 -0.002071 -0.001291 0.000420 0.003178 0.006863 0.011064 0.015092 0.018104 0.019302 0.018164 0.014625 0.009142 0.002613 -0.003850 -0.009190 -0.012667 -0.013999 -0.013370 -0.011310 -0.008505 -0.005607 -0.003097 -0.001229 -0.000048 0.000548 0.000729 0.000668 0.000504 0.000327 0.000180
-0.000289 -0.000504 -0.000802 -0.001151 -0.001460 -0.001558 -0.001205 -0.000119 0.001945 0.005084 0.009141 0.013629 0.017751 0.020527 0.021028 0.018652 0.013356 0.005752 -0.002985 -0.011385 -0.018050 -0.021996 -0.022871 -0.020975 -0.017107 -0.012297 -0.007526 -0.003514 -0.000632 0.001082 0.001821 0.001885 0.001579 0.001142 0.000726 0.000401 0.000183
-0.000406 -0.000621 -0.000851 -0.001004 -0.000917 -0.000358 0.000935 0.003187 0.006469 0.010582 0.014984 0.018791 0.020923 0.020352 0.016424 0.009135 -0.000733 -0.011712 -0.021956 -0.029699 -0.033696 -0.033529 -0.029653 -0.023208 -0.015664 -0.008421 -0.002510 0.001558 0.003764 0.004448 0.004111 0.003256 0.002272 0.001403 0.000752 0.000328 0.000088
-0.000437 -0.000561 -0.000586 -0.000364 0.000312 0.001674 0.003910 0.007058 0.010884 0.014808 0.017903 0.019033 0.017122 0.011499 0.002221 -0.009767 -0.022712 -0.034409 -0.042728 -0.046174 -0.044273 -0.037673 -0.027917 -0.016993 -0.006810 0.001234 0.006461 0.008905 0.009115 0.007882 0.005988 0.004038 0.002398 0.001210 0.000462 0.000060 -0.000113
-0.000325 -0.000265 0.000026 0.000720 0.002009 0.004035 0.006798 0.010043 0.013178 0.015274 0.015200 0.011888 0.004693 -0.006257 -0.019870 -0.034156 -0.046600 -0.054764 -0.056934 -0.052610 -0.042652 -0.029046 -0.014352 -0.001040 0.009075 0.015147 0.017295 0.016355 0.013501 0.009892 0.006418 0.003602 0.001627 0.000432 -0.000166 -0.000379 -0.000384
-0.000060 0.000237 0.000865 0.001969 0.003645 0.005858 0.008343 0.010525 0.011525 0.010269 0.005755 -0.002595 -0.014578 -0.028991 -0.043682 -0.055924 -0.063060 -0.063224 -0.055923 -0.042243 -0.024608 -0.006156 0.010066 0.021822 0.028100 0.029148 0.026162 0.020797 0.014679 0.009055 0.004638 0.001642 -0.000075 -0.000839 -0.001005 -0.000871 -0.000638
0.000300 0.000810 0.001669 0.002932 0.004539 0.006229 0.007475 0.007482 0.005290 0.000010 -0.008840 -0.020985 -0.035162 -0.049157 -0.060156 -0.065407 -0.062985 -0.052442 -0.035078 -0.013714 0.007989 0.026454 0.039052 0.044634 0.043614 0.037607 0.028825 0.019441 0.011113 0.004768 0.000637 -0.001553 -0.002328 -0.002250 -0.001783 -0.001234 -0.000765
0.000642 0.001250 0.002115 0.003161 0.004149 0.004622 0.003900 0.001169 -0.004311 -0.012905 -0.024280 -0.037178 -0.049425 -0.058264 -0.060984 -0.055708 -0.042070 -0.021551 0.002721 0.026679 0.046320 0.058695 0.062567 0.058541 0.048681 0.035791 0.022628 0.011295 0.002941 -0.002212 -0.004617 -0.005069 -0.004402 -0.003293 -0.002184 -0.001296 -0.000685
0.000835 0.001368 0.001966 0.002425 0.002368 0.001247 -0.001586 -0.006707 -0.014363 -0.024183 -0.034971 -0.044699 -0.050794 -0.050725 -0.042758 -0.026644 -0.003988 0.021908 0.046734 0.066221 0.077222 0.078465 0.070757 0.056591 0.039343 0.022342 0.008126 -0.001949 -0.007701 -0.009813 -0.009411 -0.007657 -0.005489 -0.003505 -0.001984 -0.000972 -0.000385
0.000787 0.001075 0.001195 0.000857 -0.000356 -0.002926 -0.007270 -0.013525 -0.021309 -0.029539 -0.036411 -0.039647 -0.037003 -0.026968 -0.009422 0.013978 0.039907 0.064014 0.081964 0.090554 0.088545 0.076931 0.058565 0.037307 0.016982 0.000506 -0.010599 -0.016222 -0.017319 -0.015385 -0.011956 -0.008259 -0.005061 -0.002695 -0.001171 -0.000326 0.000057
0.000497 0.000442 0.000020 -0.001064 -0.003147 -0.006504 -0.011184 -0.016820 -0.022476 -0.026628 -0.027355 -0.022775 -0.011647 0.006024 0.028609 0.052917 0.074768 0.089968 0.095416 0.089968 0.074768 0.052917 0.028609 0.006024 -0.011647 -0.022775 -0.027355 -0.026628 -0.022476 -0.016820 -0.011184 -0.006504 -0.003147 -0.001064 0.000020 0.000442 0.000497
0.000057 -0.000326 -0.001171 -0.002695 -0.005061 -0.008259 -0.011956 -0.015385 -0.017319 -0.016222 -0.010599 0.000506 0.016982 0.037307 0.058565 0.076931 0.088545 0.090554 0.081964 0.064014 0.039907 0.013978 -0.009422 -0.026968 -0.037003 -0.039647 -0.036411 -0.029539 -0.021309 -0.013525 -0.007270 -0.002926 -0.000356 0.000857 0.001195 0.001075 0.000787
-0.000385 -0.000972 -0.001984 -0.003505 -0.005489 -0.007657 -0.009411 -0.009813 -0.007701 -0.001949 0.008126 0.022342 0.039343 0.056591 0.070757 0.078465 0.077222 0.066221 0.046734 0.021908 -0.003988 -0.026644 -0.042758 -0.050725 -0.050794 -0.044699 -0.034971 -0.024183 -0.014363 -0.006707 -0.001586 0.001247 0.002368 0.002425 0.001966 0.001368 0.000835
-0.000685 -0.001296 -0.002184 -0.003293 -0.004402 -0.005069 -0.004617 -0.002212 0.002941 0.011295 0.022628 0.035791 0.048681 0.058541 0.062567 0.058695 0.046320 0.026679 0.002721 -0.021551 -0.042070 -0.055708 -0.060984 -0.058264 -0.049425 -0.037178 -0.024280 -0.012905 -0.004311 0.001169 0.003900 0.004622 0.004149 0.003161 0.002115 0.001250 0.000642
-0.000765 -0.001234 -0.001783 -0.002250 -0.002328 -0.001553 0.000637 0.004768 0.011113 0.019441 0.028825 0.037607 0.043614 0.044634 0.039052 0.026454 0.007989 -0.013714 -0.035078 -0.052442 -0.062985 -0.065407 -0.060156 -0.049157 -0.035162 -0.020985 -0.008840 0.000010 0.005290 0.007482 0.007475 0.006229 0.004539 0.002932 0.001669 0.000810 0.000300
-0.000638 -0.000871 -0.001005 -0.000839 -0.000075 0.001642 0.004638 0.009055 0.014679 0.020797 0.026162 0.029148 0.028100 0.021822 0.010066 -0.006156 -0.024608 -0.042243 -0.055923 -0.063224 -0.063060 -0.055924 -0.043682 -0.028991 -0.014578 -0.002595 0.005755 0.010269 0.011525 0.010525 0.008343 0.005858 0.003645 0.001969 0.000865 0.000237 -0.000060
-0.000384 -0.000379 -0.000166 0.000432 0.001627 0.003602 0.006418 0.009892 0.013501 0.016355 0.017295 0.015147 0.009075 -0.001040 -0.014352 -0.029046 -0.042652 -0.052610 -0.056934 -0.054764 -0.046600 -0.034156 -0.019870 -0.006257 0.004693 0.011888 0.015200 0.015274 0.013178 0.010043 0.006798 0.004035 0.002009 0.000720 0.000026 -0.000265 -0.000325
-0.000113 0.000060 0.000462 0.001210 0.002398 0.004038 0.005988 0.007882 0.009115 0.008905 0.006461 0.001234 -0.006810 -0.016993 -0.027917 -0.037673 -0.044273 -0.046174 -0.042728 -0.034409 -0.022712 -0.009767 0.002221 0.011499 0.017122 0.019033 0.017903 0.014808 0.010884 0.007058 0.003910 0.001674 0.000312 -0.000364 -0.000586 -0.000561 -0.000437
0.000088 0.000328 0.000752 0.001403 0.002272 0.003256 0.004111 0.004448 0.003764 0.001558 -0.002510 -0.008421 -0.015664 -0.023208 -0.029653 -0.033529 -0.033696 -0.029699 -0.021956 -0.011712 -0.000733 0.009135 0.016424 0.020352 0.020923 0.018791 0.014984 0.010582 0.006469 0.003187 0.000935 -0.000358 -0.000917 -0.001004 -0.000851 -0.000621 -0.000406
0.000183 0.000401 0.000726 0.001142 0.001579 0.001885 0.001821 0.001082 -0.000632 -0.003514 -0.007526 -0.012297 -0.017107 -0.020975 -0.022871 -0.021996 -0.018050 -0.011385 -0.002985 0.005752 0.013356 0.018652 0.021028 0.020527 0.017751 0.013629 0.009141 0.005084 0.001945 -0.000119 -0.001205 -0.001558 -0.001460 -0.001151 -0.000802 -0.000504 -0.000289
0.000180 0.000327 0.000504 0.000668 0.000729 0.000548 -0.000048 -0.001229 -0.003097 -0.005607 -0.008505 -0.011310 -0.013370 -0.013999 -0.012667 -0.009190 -0.003850 0.002613 0.009142 0.014625 0.018164 0.019302 0.018104 0.015092 0.011064 0.006863 0.003178 0.000420 -0.001291 -0.002071 -0.002169 -0.001865 -0.001400 -0.000939 -0.000566 -0.000308 -0.000150
0.000119 0.000185 0.000232 0.000208 0.000040 -0.000366 -0.001099 -0.002207 -0.003651 -0.005263 -0.006739 -0.007667 -0.007613 -0.006243 -0.003455 0.000539 0.005204 0.009784 0.013472 0.015618 0.015895 0.014376 0.011489 0.007885 0.004254 0.001158 -0.001066 -0.002336 -0.002774 -0.002616 -0.002129 -0.001538 -0.000994 -0.000572 -0.000288 -0.000123 -0.000041
0.000043 0.000048 0.000012 -0.000105 -0.000348 -0.000761 -0.001363 -0.002123 -0.002938 -0.003623 -0.003931 -0.003600 -0.002434 -0.000381 0.002406 0.005562 0.008567 0.010868 0.012014 0.011784 0.010247 0.007735 0.004754 0.001838 -0.000570 -0.002214 -0.003040 -0.003164 -0.002801 -0.002187 -0.001525 -0.000945 -0.000510 -0.000227 -0.000070 -0.000000 0.000018
-0.000017 -0.000045 -0.000113 -0.000243 -0.000455 -0.000754 -0.001118 -0.001487 -0.001754 -0.001778 -0.001410 -0.000541 0.000853 0.002666 0.004660 0.006496 0.007812 0.008312 0.007853 0.006493 0.004480 0.002184 0.000002 -0.001737 -0.002845 -0.003291 -0.003179 -0.002690 -0.002028 -0.001360 -0.000797 -0.000388 -0.000132 0.000000 0.000049 0.000051 0.000033
-0.000052 -0.000087 -0.000150 -0.000249 -0.000384 -0.000542 -0.000688 -0.000763 -0.000692 -0.000395 0.000187 0.001060 0.002156 0.003328 0.004365 0.005041 0.005171 0.004669 0.003581 0.002081 0.000427 -0.001099 -0.002266 -0.002941 -0.003109 -0.002856 -0.002331 -0.001694 -0.001082 -0.000582 -0.000230 -0.000022 0.000075 0.000098 0.000081 0.000050 0.000019
-0.000063 -0.000090 -0.000133 -0.000188 -0.000249 -0.000296 -0.000300 -0.000222 -0.000021 0.000332 0.000837 0.001451 0.002088 0.002623 0.002922 0.002875 0.002435 0.001634 0.000587 -0.000530 -0.001530 -0.002256 -0.002620 -0.002616 -0.002313 -0.001822 -0.001267 -0.000753 -0.000346 -0.000070 0.000082 0.000139 0.000135 0.000102 0.000060 0.000024 -0.000003
-0.000059 -0.000076 -0.000096 -0.000116 -0.000127 -0.000113 -0.000056 0.000064 0.000259 0.000528 0.000846 0.001163 0.001410 0.001512 0.001407 0.001069 0.000521 -0.000163 -0.000872 -0.001485 -0.001903 -0.002068 -0.001981 -0.001691 -0.001280 -0.000838 -0.000441 -0.000136 0.000060 0.000157 0.000178 0.000153 0.000108 0.000061 0.000022 -0.000006 -0.000023
-0.000051 -0.000057 -0.000063 -0.000062 -0.000049 -0.000016 0.000048 0.000147 0.000279 0.000429 0.000573 0.000672 0.000686 0.000583 0.000349 -0.000000 -0.000419 -0.000842 -0.001194 -0.001414 -0.001467 -0.001357 -0.001116 -0.000802 -0.000477 -0.000193 0.000017 0.000142 0.000193 0.000187 0.000149 0.000099 0.000052 0.000014 -0.000012 -0.000027 -0.000035
-0.000043 -0.000044 -0.000042 -0.000034 -0.000016 0.000014 0.000060 0.000119 0.000185 0.000242 0.000274 0.000258 0.000180 0.000032 -0.000175 -0.000416 -0.000652 -0.000839 -0.000943 -0.000944 -0.000843 -0.000663 -0.000442 -0.000220 -0.000032 0.000101 0.000172 0.000190 0.000169 0.000127 0.000079 0.000035 0.000002 -0.000020 -0.000032 -0.000038 -0.000040
