-0.000062 -0.000051 -0.000011 0.000072 0.000195 0.000301 0.000280 0.000020 -0.000494 -0.001115 -0.001567 -0.001608 -0.001194 -0.000524 0.000098 0.000450 0.000499 0.000355 0.000166 0.000024 -0.000048 -0.000070 -0.000069
-0.000039 0.000011 0.000109 0.000236 0.000301 0.000139 -0.000417 -0.001372 -0.002435 -0.003081 -0.002847 -0.001677 -0.000033 0.001373 0.002025 0.001869 0.001236 0.000551 0.000081 -0.000130 -0.000166 -0.000133 -0.000094
0.000017 0.000104 0.000194 0.000163 -0.000211 -0.001136 -0.002575 -0.004033 -0.004634 -0.003603 -0.000909 0.002498 0.005159 0.006004 0.004985 0.002955 0.000989 -0.000248 -0.000686 -0.000624 -0.000398 -0.000207 -0.000102
0.000060 0.000088 -0.000061 -0.000634 -0.001846 -0.003581 -0.005094 -0.005105 -0.002499 0.002654 0.008631 0.012788 0.013189 0.009871 0.004726 0.000145 -0.002417 -0.002913 -0.002204 -0.001225 -0.000506 -0.000146 -0.000029
-0.000026 -0.000252 -0.000907 -0.002162 -0.003785 -0.004800 -0.003569 0.001288 0.009477 0.018247 0.023397 0.021844 0.013885 0.003188 -0.005600 -0.009665 -0.009156 -0.006192 -0.003040 -0.000928 0.000021 0.000234 0.000159
-0.000326 -0.000903 -0.001916 -0.003024 -0.003102 -0.000339 0.006723 0.017435 0.027938 0.032383 0.026497 0.011111 -0.007540 -0.021508 -0.026017 -0.021762 -0.013268 -0.005322 -0.000434 0.001392 0.001408 0.000838 0.000338
-0.000682 -0.001299 -0.001741 -0.000895 0.002964 0.011108 0.022460 0.032273 0.033415 0.020766 -0.003982 -0.031504 -0.049828 -0.051821 -0.039260 -0.020523 -0.004467 0.004397 0.006558 0.005053 0.002736 0.001047 0.000212
-0.000666 -0.000603 0.000715 0.004673 0.012135 0.021649 0.028078 0.023830 0.003632 -0.029738 -0.063994 -0.083275 -0.078216 -0.052255 -0.018912 0.007452 0.019725 0.019568 0.013250 0.006518 0.002104 0.000125 -0.000388
0.000019 0.001258 0.004379 0.009767 0.015786 0.017560 0.008053 -0.017350 -0.054842 -0.090189 -0.104946 -0.088378 -0.045978 0.003174 0.038632 0.050557 0.042688 0.026192 0.011163 0.002117 -0.001379 -0.001759 -0.001131
0.001024 0.002940 0.005937 0.008469 0.006510 -0.005576 -0.031142 -0.065746 -0.094905 -0.099850 -0.069938 -0.012674 0.048279 0.087322 0.092492 0.070392 0.038293 0.011729 -0.002758 -0.006869 -0.005606 -0.003109 -0.001281
0.001469 0.002680 0.002976 -0.000498 -0.011591 -0.032206 -0.057875 -0.075662 -0.068888 -0.028526 0.036517 0.100405 0.134910 0.127258 0.087083 0.037647 -0.000084 -0.017803 -0.019305 -0.013263 -0.006632 -0.002355 -0.000449
0.000818 0.000282 -0.002790 -0.010589 -0.023814 -0.038564 -0.044699 -0.029307 0.014073 0.076228 0.132329 0.155006 0.132329 0.076228 0.014073 -0.029307 -0.044699 -0.038564 -0.023814 -0.010589 -0.002790 0.000282 0.000818
-0.000449 -0.002355 -0.006632 -0.013263 -0.019305 -0.017803 -0.000084 0.037647 0.087083 0.127258 0.134910 0.100405 0.036517 -0.028526 -0.068888 -0.075662 -0.057875 -0.032206 -0.011591 -0.000498 0.002976 0.002680 0.001469
-0.001281 -0.003109 -0.005606 -0.006869 -0.002758 0.011729 0.038293 0.070392 0.092492 0.087322 0.048279 -0.012674 -0.069938 -0.099850 -0.094905 -0.065746 -0.031142 -0.005576 0.006510 0.008469 0.005937 0.002940 0.001024
-0.001131 -0.001759 -0.001379 0.002117 0.011163 0.026192 0.042688 0.050557 0.038632 0.003174 -0.045978 -0.088378 -0.104946 -0.090189 -0.054842 -0.017350 0.008053 0.017560 0.015786 0.009767 0.004379 0.001258 0.000019
-0.000388 0.000125 0.002104 0.006518 0.013250 0.019568 0.019725 0.007452 -0.018912 -0.052255 -0.078216 -0.083275 -0.063994 -0.029738 0.003632 0.023830 0.028078 0.021649 0.012135 0.004673 0.000715 -0.000603 -0.000666
0.000212 0.001047 0.002736 0.005053 0.006558 0.004397 -0.004467 -0.020523 -0.039260 -0.051821 -0.049828 -0.031504 -0.003982 0.020766 0.033415 0.032273 0.022460 0.011108 0.002964 -0.000895 -0.001741 -0.001299 -0.000682
0.000338 0.000838 0.001408 0.001392 -0.000434 -0.005322 -0.013268 -0.021762 -0.026017 -0.021508 -0.007540 0.011111 0.026497 0.032383 0.027938 0.017435 0.006723 -0.000339 -0.003102 -0.003024 -0.001916 -0.000903 -0.000326
0.000159 0.000234 0.000021 -0.000928 -0.003040 -0.006192 -0.009156 -0.009665 -0.005600 0.003188 0.013885 0.021844 0.023397 0.018247 0.009477 0.001288 -0.003569 -0.004800 -0.003785 -0.002162 -0.000907 -0.000252 -0.000026
-0.000029 -0.000146 -0.000506 -0.001225 -0.002204 -0.002913 -0.002417 0.000145 0.004726 0.009871 0.013189 0.012788 0.008631 0.002654 -0.002499 -0.005105 -0.005094 -0.003581 -0.001846 -0.000634 -0.000061 0.000088 0.000060
-0.000102 -0.000207 -0.000398 -0.000624 -0.000686 -0.000248 0.000989 0.002955 0.004985 0.006004 0.005159 0.002498 -0.000909 -0.003603 -0.004634 -0.004033 -0.002575 -0.001136 -0.000211 0.000163 0.000194 0.000104 0.000017
-0.000094 -0.000133 -0.000166 -0.000130 0.000081 0.000551 0.001236 0.001869 0.002025 0.001373 -0.000033 -0.001677 -0.002847 -0.003081 -0.002435 -0.001372 -0.000417 0.000139 0.000301 0.000236 0.000109 0.000011 -0.000039
-0.000069 -0.000070 -0.000048 0.000024 0.000166 0.000355 0.000499 0.000450 0.000098 -0.000524 -0.001194 -0.001608 -0.001567 -0.001115 -0.000494 0.000020 0.000280 0.000301 0.000195 0.000072 -0.000011 -0.000051 -0.000062
