-0.000016 -0.000020 -0.000024 -0.000029 -0.000033 -0.000034 -0.000031 -0.000021 -0.000002 0.000024 0.000056 0.000089 0.000114 0.000124 0.000111 0.000067 -0.000007 -0.000107 -0.000220 -0.000326 -0.000406 -0.000436 -0.000404 -0.000305 -0.000147 0.000050 0.000256 0.000435 0.000557 0.000601 0.000557 0.000435 0.000256 0.000050 -0.000147 -0.000305 -0.000404 -0.000436 -0.000406 -0.000326 -0.000220 -0.000107 -0.000007 0.000067 0.000111 0.000124 0.000114 0.000089 0.000056 0.000024 -0.000002 -0.000021 -0.000031 -0.000034 -0.000033 -0.000029 -0.000024 -0.000020 -0.000016
-0.000017 -0.000022 -0.000028 -0.000035 -0.000040 -0.000042 -0.000037 -0.000023 0.000002 0.000038 0.000081 0.000126 0.000160 0.000174 0.000156 0.000096 -0.000005 -0.000141 -0.000294 -0.000440 -0.000548 -0.000590 -0.000546 -0.000411 -0.000195 0.000073 0.000353 0.000597 0.000764 0.000823 0.000764 0.000597 0.000353 0.000073 -0.000195 -0.000411 -0.000546 -0.000590 -0.000548 -0.000440 -0.000294 -0.000141 -0.000005 0.000096 0.000156 0.000174 0.000160 0.000126 0.000081 0.000038 0.000002 -0.000023 -0.000037 -0.000042 -0.000040 -0.000035 -0.000028 -0.000022 -0.000017
-0.000018 -0.000025 -0.000033 -0.000042 -0.000050 -0.000052 -0.000046 -0.000027 0.000007 0.000056 0.000114 0.000174 0.000221 0.000240 0.000214 0.000134 -0.000002 -0.000185 -0.000392 -0.000588 -0.000733 -0.000790 -0.000731 -0.000549 -0.000258 0.000103 0.000480 0.000810 0.001034 0.001114 0.001034 0.000810 0.000480 0.000103 -0.000258 -0.000549 -0.000731 -0.000790 -0.000733 -0.000588 -0.000392 -0.000185 -0.000002 0.000134 0.000214 0.000240 0.000221 0.000174 0.000114 0.000056 0.000007 -0.000027 -0.000046 -0.000052 -0.000050 -0.000042 -0.000033 -0.000025 -0.000018
-0.000020 -0.000029 -0.000040 -0.000052 -0.000062 -0.000065 -0.000056 -0.000031 0.000014 0.000079 0.000157 0.000236 0.000299 0.000324 0.000290 0.000184 0.000001 -0.000243 -0.000518 -0.000779 -0.000973 -0.001048 -0.000970 -0.000727 -0.000340 0.000142 0.000645 0.001084 0.001383 0.001490 0.001383 0.001084 0.000645 0.000142 -0.000340 -0.000727 -0.000970 -0.001048 -0.000973 -0.000779 -0.000518 -0.000243 0.000001 0.000184 0.000290 0.000324 0.000299 0.000236 0.000157 0.000079 0.000014 -0.000031 -0.000056 -0.000065 -0.000062 -0.000052 -0.000040 -0.000029 -0.000020
-0.000022 -0.000033 -0.000048 -0.000064 -0.000077 -0.000081 -0.000070 -0.000037 0.000023 0.000108 0.000211 0.000316 0.000398 0.000431 0.000387 0.000246 0.000006 -0.000316 -0.000679 -0.001023 -0.001279 -0.001378 -0.001275 -0.000955 -0.000443 0.000192 0.000854 0.001433 0.001828 0.001968 0.001828 0.001433 0.000854 0.000192 -0.000443 -0.000955 -0.001275 -0.001378 -0.001279 -0.001023 -0.000679 -0.000316 0.000006 0.000246 0.000387 0.000431 0.000398 0.000316 0.000211 0.000108 0.000023 -0.000037 -0.000070 -0.000081 -0.000077 -0.000064 -0.000048 -0.000033 -0.000022
-0.000025 -0.000040 -0.000059 -0.000079 -0.000096 -0.000102 -0.000087 -0.000044 0.000034 0.000145 0.000279 0.000416 0.000524 0.000567 0.000509 0.000325 0.000012 -0.000408 -0.000882 -0.001331 -0.001664 -0.001794 -0.001659 -0.001241 -0.000574 0.000254 0.001118 0.001874 0.002389 0.002572 0.002389 0.001874 0.001118 0.000254 -0.000574 -0.001241 -0.001659 -0.001794 -0.001664 -0.001331 -0.000882 -0.000408 0.000012 0.000325 0.000509 0.000567 0.000524 0.000416 0.000279 0.000145 0.000034 -0.000044 -0.000087 -0.000102 -0.000096 -0.000079 -0.000059 -0.000040 -0.000025
-0.000028 -0.000047 -0.000072 -0.000099 -0.000120 -0.000128 -0.000109 -0.000053 0.000048 0.000191 0.000364 0.000540 0.000680 0.000735 0.000660 0.000424 0.000019 -0.000522 -0.001134 -0.001713 -0.002143 -0.002311 -0.002137 -0.001598 -0.000737 0.000332 0.001447 0.002421 0.003086 0.003322 0.003086 0.002421 0.001447 0.000332 -0.000737 -0.001598 -0.002137 -0.002311 -0.002143 -0.001713 -0.001134 -0.000522 0.000019 0.000424 0.000660 0.000735 0.000680 0.000540 0.000364 0.000191 0.000048 -0.000053 -0.000109 -0.000128 -0.000120 -0.000099 -0.000072 -0.000047 -0.000028
-0.000032 -0.000057 -0.000088 -0.000122 -0.000150 -0.000159 -0.000135 -0.000063 0.000065 0.000248 0.000469 0.000693 0.000871 0.000942 0.000846 0.000544 0.000029 -0.000663 -0.001443 -0.002183 -0.002731 -0.002945 -0.002724 -0.002036 -0.000937 0.000428 0.001850 0.003094 0.003943 0.004244 0.003943 0.003094 0.001850 0.000428 -0.000937 -0.002036 -0.002724 -0.002945 -0.002731 -0.002183 -0.001443 -0.000663 0.000029 0.000544 0.000846 0.000942 0.000871 0.000693 0.000469 0.000248 0.000065 -0.000063 -0.000135 -0.000159 -0.000150 -0.000122 -0.000088 -0.000057 -0.000032
-0.000037 -0.000068 -0.000108 -0.000151 -0.000186 -0.000197 -0.000167 -0.000076 0.000085 0.000316 0.000595 0.000879 0.001104 0.001193 0.001072 0.000691 0.000040 -0.000834 -0.001819 -0.002753 -0.003445 -0.003716 -0.003436 -0.002567 -0.001180 0.000544 0.002340 0.003911 0.004982 0.005362 0.004982 0.003911 0.002340 0.000544 -0.001180 -0.002567 -0.003436 -0.003716 -0.003445 -0.002753 -0.001819 -0.000834 0.000040 0.000691 0.001072 0.001193 0.001104 0.000879 0.000595 0.000316 0.000085 -0.000076 -0.000167 -0.000197 -0.000186 -0.000151 -0.000108 -0.000068 -0.000037
-0.000043 -0.000081 -0.000131 -0.000185 -0.000229 -0.000243 -0.000205 -0.000092 0.000110 0.000398 0.000747 0.001101 0.001382 0.001493 0.001342 0.000866 0.000053 -0.001038 -0.002268 -0.003435 -0.004300 -0.004637 -0.004288 -0.003202 -0.001470 0.000682 0.002926 0.004888 0.006226 0.006701 0.006226 0.004888 0.002926 0.000682 -0.001470 -0.003202 -0.004288 -0.004637 -0.004300 -0.003435 -0.002268 -0.001038 0.000053 0.000866 0.001342 0.001493 0.001382 0.001101 0.000747 0.000398 0.000110 -0.000092 -0.000205 -0.000243 -0.000229 -0.000185 -0.000131 -0.000081 -0.000043
-0.000049 -0.000098 -0.000159 -0.000225 -0.000279 -0.000297 -0.000250 -0.000111 0.000139 0.000495 0.000926 0.001364 0.001710 0.001848 0.001662 0.001073 0.000068 -0.001279 -0.002800 -0.004241 -0.005309 -0.005726 -0.005295 -0.003954 -0.001813 0.000846 0.003618 0.006042 0.007695 0.008282 0.007695 0.006042 0.003618 0.000846 -0.001813 -0.003954 -0.005295 -0.005726 -0.005309 -0.004241 -0.002800 -0.001279 0.000068 0.001073 0.001662 0.001848 0.001710 0.001364 0.000926 0.000495 0.000139 -0.000111 -0.000250 -0.000297 -0.000279 -0.000225 -0.000159 -0.000098 -0.000049
-0.000057 -0.000116 -0.000192 -0.000272 -0.000339 -0.000360 -0.000303 -0.000132 0.000173 0.000608 0.001135 0.001670 0.002093 0.002261 0.002034 0.001315 0.000086 -0.001561 -0.003419 -0.005180 -0.006486 -0.006996 -0.006468 -0.004829 -0.002213 0.001037 0.004425 0.007388 0.009408 0.010125 0.009408 0.007388 0.004425 0.001037 -0.002213 -0.004829 -0.006468 -0.006996 -0.006486 -0.005180 -0.003419 -0.001561 0.000086 0.001315 0.002034 0.002261 0.002093 0.001670 0.001135 0.000608 0.000173 -0.000132 -0.000303 -0.000360 -0.000339 -0.000272 -0.000192 -0.000116 -0.000057
-0.000067 -0.000138 -0.000229 -0.000327 -0.000406 -0.000433 -0.000363 -0.000157 0.000211 0.000738 0.001374 0.002022 0.002534 0.002736 0.002462 0.001593 0.000107 -0.001884 -0.004130 -0.006260 -0.007839 -0.008455 -0.007817 -0.005836 -0.002673 0.001257 0.005353 0.008935 0.011378 0.012244 0.011378 0.008935 0.005353 0.001257 -0.002673 -0.005836 -0.007817 -0.008455 -0.007839 -0.006260 -0.004130 -0.001884 0.000107 0.001593 0.002462 0.002736 0.002534 0.002022 0.001374 0.000738 0.000211 -0.000157 -0.000363 -0.000433 -0.000406 -0.000327 -0.000229 -0.000138 -0.000067
-0.000077 -0.000162 -0.000271 -0.000388 -0.000484 -0.000515 -0.000432 -0.000185 0.000256 0.000885 0.001646 0.002421 0.003033 0.003275 0.002947 0.001907 0.000131 -0.002251 -0.004937 -0.007484 -0.009372 -0.010110 -0.009347 -0.006977 -0.003195 0.001506 0.006405 0.010688 0.013610 0.014647 0.013610 0.010688 0.006405 0.001506 -0.003195 -0.006977 -0.009347 -0.010110 -0.009372 -0.007484 -0.004937 -0.002251 0.000131 0.001907 0.002947 0.003275 0.003033 0.002421 0.001646 0.000885 0.000256 -0.000185 -0.000432 -0.000515 -0.000484 -0.000388 -0.000271 -0.000162 -0.000077
-0.000089 -0.000189 -0.000318 -0.000456 -0.000570 -0.000607 -0.000508 -0.000217 0.000305 0.001050 0.001950 0.002866 0.003591 0.003877 0.003489 0.002259 0.000157 -0.002660 -0.005839 -0.008852 -0.011086 -0.011958 -0.011056 -0.008251 -0.003777 0.001784 0.007579 0.012647 0.016104 0.017330 0.016104 0.012647 0.007579 0.001784 -0.003777 -0.008251 -0.011056 -0.011958 -0.011086 -0.008852 -0.005839 -0.002660 0.000157 0.002259 0.003489 0.003877 0.003591 0.002866 0.001950 0.001050 0.000305 -0.000217 -0.000508 -0.000607 -0.000570 -0.000456 -0.000318 -0.000189 -0.000089
-0.000102 -0.000219 -0.000370 -0.000532 -0.000664 -0.000708 -0.000593 -0.000251 0.000359 0.001231 0.002285 0.003357 0.004204 0.004540 0.004085 0.002646 0.000187 -0.003111 -0.006831 -0.010357 -0.012971 -0.013992 -0.012936 -0.009654 -0.004418 0.002090 0.008873 0.014804 0.018849 0.020284 0.018849 0.014804 0.008873 0.002090 -0.004418 -0.009654 -0.012936 -0.013992 -0.012971 -0.010357 -0.006831 -0.003111 0.000187 0.002646 0.004085 0.004540 0.004204 0.003357 0.002285 0.001231 0.000359 -0.000251 -0.000593 -0.000708 -0.000664 -0.000532 -0.000370 -0.000219 -0.000102
-0.000115 -0.000252 -0.000426 -0.000614 -0.000767 -0.000818 -0.000684 -0.000289 0.000418 0.001427 0.002647 0.003888 0.004869 0.005258 0.004732 0.003065 0.000218 -0.003600 -0.007906 -0.011988 -0.015015 -0.016197 -0.014974 -0.011175 -0.005112 0.002421 0.010274 0.017140 0.021823 0.023485 0.021823 0.017140 0.010274 0.002421 -0.005112 -0.011175 -0.014974 -0.016197 -0.015015 -0.011988 -0.007906 -0.003600 0.000218 0.003065 0.004732 0.005258 0.004869 0.003888 0.002647 0.001427 0.000418 -0.000289 -0.000684 -0.000818 -0.000767 -0.000614 -0.000426 -0.000252 -0.000115
-0.000130 -0.000286 -0.000486 -0.000701 -0.000876 -0.000934 -0.000782 -0.000329 0.000480 0.001636 0.003034 0.004454 0.005578 0.006023 0.005421 0.003512 0.000252 -0.004121 -0.009052 -0.013727 -0.017193 -0.018546 -0.017146 -0.012795 -0.005853 0.002775 0.011768 0.019631 0.024994 0.026897 0.024994 0.019631 0.011768 0.002775 -0.005853 -0.012795 -0.017146 -0.018546 -0.017193 -0.013727 -0.009052 -0.004121 0.000252 0.003512 0.005421 0.006023 0.005578 0.004454 0.003034 0.001636 0.000480 -0.000329 -0.000782 -0.000934 -0.000876 -0.000701 -0.000486 -0.000286 -0.000130
-0.000146 -0.000323 -0.000549 -0.000792 -0.000991 -0.001057 -0.000884 -0.000371 0.000546 0.001855 0.003438 0.005048 0.006321 0.006825 0.006143 0.003981 0.000287 -0.004666 -0.010253 -0.015549 -0.019475 -0.021008 -0.019422 -0.014493 -0.006629 0.003145 0.013333 0.022240 0.028316 0.030472 0.028316 0.022240 0.013333 0.003145 -0.006629 -0.014493 -0.019422 -0.021008 -0.019475 -0.015549 -0.010253 -0.004666 0.000287 0.003981 0.006143 0.006825 0.006321 0.005048 0.003438 0.001855 0.000546 -0.000371 -0.000884 -0.001057 -0.000991 -0.000792 -0.000549 -0.000323 -0.000146
-0.000162 -0.000360 -0.000614 -0.000886 -0.001109 -0.001183 -0.000989 -0.000414 0.000613 0.002081 0.003855 0.005659 0.007085 0.007650 0.006885 0.004463 0.000323 -0.005227 -0.011488 -0.017422 -0.021822 -0.023541 -0.021763 -0.016240 -0.007427 0.003526 0.014942 0.024925 0.031733 0.034149 0.031733 0.024925 0.014942 0.003526 -0.007427 -0.016240 -0.021763 -0.023541 -0.021822 -0.017422 -0.011488 -0.005227 0.000323 0.004463 0.006885 0.007650 0.007085 0.005659 0.003855 0.002081 0.000613 -0.000414 -0.000989 -0.001183 -0.001109 -0.000886 -0.000614 -0.000360 -0.000162
-0.000178 -0.000398 -0.000679 -0.000981 -0.001228 -0.001309 -0.001094 -0.000457 0.000681 0.002308 0.004274 0.006274 0.007856 0.008482 0.007634 0.004948 0.000360 -0.005793 -0.012733 -0.019312 -0.024189 -0.026095 -0.024124 -0.018001 -0.008231 0.003911 0.016566 0.027631 0.035179 0.037857 0.035179 0.027631 0.016566 0.003911 -0.008231 -0.018001 -0.024124 -0.026095 -0.024189 -0.019312 -0.012733 -0.005793 0.000360 0.004948 0.007634 0.008482 0.007856 0.006274 0.004274 0.002308 0.000681 -0.000457 -0.001094 -0.001309 -0.001228 -0.000981 -0.000679 -0.000398 -0.000178
-0.000194 -0.000435 -0.000743 -0.001074 -0.001345 -0.001435 -0.001199 -0.000500 0.000748 0.002532 0.004689 0.006881 0.008616 0.009303 0.008373 0.005428 0.000396 -0.006351 -0.013961 -0.021176 -0.026524 -0.028613 -0.026452 -0.019738 -0.009025 0.004290 0.018167 0.030301 0.038578 0.041514 0.038578 0.030301 0.018167 0.004290 -0.009025 -0.019738 -0.026452 -0.028613 -0.026524 -0.021176 -0.013961 -0.006351 0.000396 0.005428 0.008373 0.009303 0.008616 0.006881 0.004689 0.002532 0.000748 -0.000500 -0.001199 -0.001435 -0.001345 -0.001074 -0.000743 -0.000435 -0.000194
-0.000209 -0.000470 -0.000805 -0.001164 -0.001458 -0.001555 -0.001299 -0.000542 0.000813 0.002748 0.005087 0.007466 0.009347 0.010092 0.009083 0.005889 0.000430 -0.006889 -0.015143 -0.022969 -0.028771 -0.031037 -0.028693 -0.021410 -0.009788 0.004654 0.019707 0.032870 0.041848 0.045033 0.041848 0.032870 0.019707 0.004654 -0.009788 -0.021410 -0.028693 -0.031037 -0.028771 -0.022969 -0.015143 -0.006889 0.000430 0.005889 0.009083 0.010092 0.009347 0.007466 0.005087 0.002748 0.000813 -0.000542 -0.001299 -0.001555 -0.001458 -0.001164 -0.000805 -0.000470 -0.000209
-0.000223 -0.000504 -0.000863 -0.001248 -0.001563 -0.001668 -0.001393 -0.000580 0.000873 0.002950 0.005460 0.008012 0.010031 0.010830 0.009748 0.006320 0.000463 -0.007391 -0.016249 -0.024646 -0.030871 -0.033303 -0.030788 -0.022973 -0.010502 0.004995 0.021148 0.035272 0.044906 0.048324 0.044906 0.035272 0.021148 0.004995 -0.010502 -0.022973 -0.030788 -0.033303 -0.030871 -0.024646 -0.016249 -0.007391 0.000463 0.006320 0.009748 0.010830 0.010031 0.008012 0.005460 0.002950 0.000873 -0.000580 -0.001393 -0.001668 -0.001563 -0.001248 -0.000863 -0.000504 -0.000223
-0.000236 -0.000534 -0.000915 -0.001324 -0.001659 -0.001769 -0.001478 -0.000615 0.000928 0.003132 0.005796 0.008505 0.010648 0.011497 0.010348 0.006709 0.000492 -0.007844 -0.017247 -0.026160 -0.032768 -0.035349 -0.032679 -0.024384 -0.011147 0.005303 0.022449 0.037441 0.047667 0.051295 0.047667 0.037441 0.022449 0.005303 -0.011147 -0.024384 -0.032679 -0.035349 -0.032768 -0.026160 -0.017247 -0.007844 0.000492 0.006709 0.010348 0.011497 0.010648 0.008505 0.005796 0.003132 0.000928 -0.000615 -0.001478 -0.001769 -0.001659 -0.001324 -0.000915 -0.000534 -0.000236
-0.000247 -0.000560 -0.000960 -0.001390 -0.001741 -0.001857 -0.001551 -0.000645 0.000975 0.003289 0.006087 0.008931 0.011182 0.012072 0.010866 0.007045 0.000517 -0.008236 -0.018109 -0.027468 -0.034407 -0.037117 -0.034313 -0.025603 -0.011704 0.005569 0.023572 0.039314 0.050052 0.053861 0.050052 0.039314 0.023572 0.005569 -0.011704 -0.025603 -0.034313 -0.037117 -0.034407 -0.027468 -0.018109 -0.008236 0.000517 0.007045 0.010866 0.012072 0.011182 0.008931 0.006087 0.003289 0.000975 -0.000645 -0.001551 -0.001857 -0.001741 -0.001390 -0.000960 -0.000560 -0.000247
-0.000256 -0.000581 -0.000997 -0.001443 -0.001808 -0.001928 -0.001611 -0.000669 0.001013 0.003417 0.006323 0.009277 0.011615 0.012540 0.011287 0.007318 0.000538 -0.008554 -0.018809 -0.028530 -0.035737 -0.038553 -0.035640 -0.026593 -0.012156 0.005785 0.024485 0.040836 0.051989 0.055946 0.051989 0.040836 0.024485 0.005785 -0.012156 -0.026593 -0.035640 -0.038553 -0.035737 -0.028530 -0.018809 -0.008554 0.000538 0.007318 0.011287 0.012540 0.011615 0.009277 0.006323 0.003417 0.001013 -0.000669 -0.001611 -0.001928 -0.001808 -0.001443 -0.000997 -0.000581 -0.000256
-0.000263 -0.000597 -0.001024 -0.001482 -0.001857 -0.001981 -0.001655 -0.000687 0.001041 0.003511 0.006497 0.009533 0.011934 0.012885 0.011597 0.007520 0.000553 -0.008789 -0.019325 -0.029314 -0.036719 -0.039612 -0.036620 -0.027324 -0.012490 0.005944 0.025158 0.041959 0.053418 0.057484 0.053418 0.041959 0.025158 0.005944 -0.012490 -0.027324 -0.036620 -0.039612 -0.036719 -0.029314 -0.019325 -0.008789 0.000553 0.007520 0.011597 0.012885 0.011934 0.009533 0.006497 0.003511 0.001041 -0.000687 -0.001655 -0.001981 -0.001857 -0.001482 -0.001024 -0.000597 -0.000263
-0.000267 -0.000606 -0.001040 -0.001506 -0.001887 -0.002013 -0.001682 -0.000699 0.001059 0.003569 0.006604 0.009689 0.012130 0.013097 0.011788 0.007644 0.000562 -0.008933 -0.019642 -0.029794 -0.037321 -0.040261 -0.037220 -0.027772 -0.012695 0.006042 0.025571 0.042647 0.054295 0.058427 0.054295 0.042647 0.025571 0.006042 -0.012695 -0.027772 -0.037220 -0.040261 -0.037321 -0.029794 -0.019642 -0.008933 0.000562 0.007644 0.011788 0.013097 0.012130 0.009689 0.006604 0.003569 0.001059 -0.000699 -0.001682 -0.002013 -0.001887 -0.001506 -0.001040 -0.000606 -0.000267
-0.000269 -0.000609 -0.001046 -0.001515 -0.001898 -0.002024 -0.001691 -0.000702 0.001064 0.003589 0.006640 0.009742 0.012196 0.013168 0.011852 0.007685 0.000565 -0.008981 -0.019749 -0.029956 -0.037524 -0.040480 -0.037422 -0.027923 -0.012764 0.006075 0.025710 0.042879 0.054590 0.058745 0.054590 0.042879 0.025710 0.006075 -0.012764 -0.027923 -0.037422 -0.040480 -0.037524 -0.029956 -0.019749 -0.008981 0.000565 0.007685 0.011852 0.013168 0.012196 0.009742 0.006640 0.003589 0.001064 -0.000702 -0.001691 -0.002024 -0.001898 -0.001515 -0.001046 -0.000609 -0.000269
-0.000267 -0.000606 -0.001040 -0.001506 -0.001887 -0.002013 -0.001682 -0.000699 0.001059 0.003569 0.006604 0.009689 0.012130 0.013097 0.011788 0.007644 0.000562 -0.008933 -0.019642 -0.029794 -0.037321 -0.040261 -0.037220 -0.027772 -0.012695 0.006042 0.025571 0.042647 0.054295 0.058427 0.054295 0.042647 0.025571 0.006042 -0.012695 -0.027772 -0.037220 -0.040261 -0.037321 -0.029794 -0.019642 -0.008933 0.000562 0.007644 0.011788 0.013097 0.012130 0.009689 0.006604 0.003569 0.001059 -0.000699 -0.001682 -0.002013 -0.001887 -0.001506 -0.001040 -0.000606 -0.000267
-0.000263 -0.000597 -0.001024 -0.001482 -0.001857 -0.001981 -0.001655 -0.000687 0.001041 0.003511 0.006497 0.009533 0.011934 0.012885 0.011597 0.007520 0.000553 -0.008789 -0.019325 -0.029314 -0.036719 -0.039612 -0.036620 -0.027324 -0.012490 0.005944 0.025158 0.041959 0.053418 0.057484 0.053418 0.041959 0.025158 0.005944 -0.012490 -0.027324 -0.036620 -0.039612 -0.036719 -0.029314 -0.019325 -0.008789 0.000553 0.007520 0.011597 0.012885 0.011934 0.009533 0.006497 0.003511 0.001041 -0.000687 -0.001655 -0.001981 -0.001857 -0.001482 -0.001024 -0.000597 -0.000263
-0.000256 -0.000581 -0.000997 -0.001443 -0.001808 -0.001928 -0.001611 -0.000669 0.001013 0.003417 0.006323 0.009277 0.011615 0.012540 0.011287 0.007318 0.000538 -0.008554 -0.018809 -0.028530 -0.035737 -0.038553 -0.035640 -0.026593 -0.012156 0.005785 0.024485 0.040836 0.051989 0.055946 0.051989 0.040836 0.024485 0.005785 -0.012156 -0.026593 -0.035640 -0.038553 -0.035737 -0.028530 -0.018809 -0.008554 0.000538 0.007318 0.011287 0.012540 0.011615 0.009277 0.006323 0.003417 0.001013 -0.000669 -0.001611 -0.001928 -0.001808 -0.001443 -0.000997 -0.000581 -0.000256
-0.000247 -0.000560 -0.000960 -0.001390 -0.001741 -0.001857 -0.001551 -0.000645 0.000975 0.003289 0.006087 0.008931 0.011182 0.012072 0.010866 0.007045 0.000517 -0.008236 -0.018109 -0.027468 -0.034407 -0.037117 -0.034313 -0.025603 -0.011704 0.005569 0.023572 0.039314 0.050052 0.053861 0.050052 0.039314 0.023572 0.005569 -0.011704 -0.025603 -0.034313 -0.037117 -0.034407 -0.027468 -0.018109 -0.008236 0.000517 0.007045 0.010866 0.012072 0.011182 0.008931 0.006087 0.003289 0.000975 -0.000645 -0.001551 -0.001857 -0.001741 -0.001390 -0.000960 -0.000560 -0.000247
-0.000236 -0.000534 -0.000915 -0.001324 -0.001659 -0.001769 -0.001478 -0.000615 0.000928 0.003132 0.005796 0.008505 0.010648 0.011497 0.010348 0.006709 0.000492 -0.007844 -0.017247 -0.026160 -0.032768 -0.035349 -0.032679 -0.024384 -0.011147 0.005303 0.022449 0.037441 0.047667 0.051295 0.047667 0.037441 0.022449 0.005303 -0.011147 -0.024384 -0.032679 -0.035349 -0.032768 -0.026160 -0.017247 -0.007844 0.000492 0.006709 0.010348 0.011497 0.010648 0.008505 0.005796 0.003132 0.000928 -0.000615 -0.001478 -0.001769 -0.001659 -0.001324 -0.000915 -0.000534 -0.000236
-0.000223 -0.000504 -0.000863 -0.001248 -0.001563 -0.001668 -0.001393 -0.000580 0.000873 0.002950 0.005460 0.008012 0.010031 0.010830 0.009748 0.006320 0.000463 -0.007391 -0.016249 -0.024646 -0.030871 -0.033303 -0.030788 -0.022973 -0.010502 0.004995 0.021148 0.035272 0.044906 0.048324 0.044906 0.035272 0.021148 0.004995 -0.010502 -0.022973 -0.030788 -0.033303 -0.030871 -0.024646 -0.016249 -0.007391 0.000463 0.006320 0.009748 0.010830 0.010031 0.008012 0.005460 0.002950 0.000873 -0.000580 -0.001393 -0.001668 -0.001563 -0.001248 -0.000863 -0.000504 -0.000223
-0.000209 -0.000470 -0.000805 -0.001164 -0.001458 -0.001555 -0.001299 -0.000542 0.000813 0.002748 0.005087 0.007466 0.009347 0.010092 0.009083 0.005889 0.000430 -0.006889 -0.015143 -0.022969 -0.028771 -0.031037 -0.028693 -0.021410 -0.009788 0.004654 0.019707 0.032870 0.041848 0.045033 0.041848 0.032870 0.019707 0.004654 -0.009788 -0.021410 -0.028693 -0.031037 -0.028771 -0.022969 -0.015143 -0.006889 0.000430 0.005889 0.009083 0.010092 0.009347 0.007466 0.005087 0.002748 0.000813 -0.000542 -0.001299 -0.001555 -0.001458 -0.001164 -0.000805 -0.000470 -0.000209
-0.000194 -0.000435 -0.000743 -0.001074 -0.001345 -0.001435 -0.001199 -0.000500 0.000748 0.002532 0.004689 0.006881 0.008616 0.009303 0.008373 0.005428 0.000396 -0.006351 -0.013961 -0.021176 -0.026524 -0.028613 -0.026452 -0.019738 -0.009025 0.004290 0.018167 0.030301 0.038578 0.041514 0.038578 0.030301 0.018167 0.004290 -0.009025 -0.019738 -0.026452 -0.028613 -0.026524 -0.021176 -0.013961 -0.006351 0.000396 0.005428 0.008373 0.009303 0.008616 0.006881 0.004689 0.002532 0.000748 -0.000500 -0.001199 -0.001435 -0.001345 -0.001074 -0.000743 -0.000435 -0.000194
-0.000178 -0.000398 -0.000679 -0.000981 -0.001228 -0.001309 -0.001094 -0.000457 0.000681 0.002308 0.004274 0.006274 0.007856 0.008482 0.007634 0.004948 0.000360 -0.005793 -0.012733 -0.019312 -0.024189 -0.026095 -0.024124 -0.018001 -0.008231 0.003911 0.016566 0.027631 0.035179 0.037857 0.035179 0.027631 0.016566 0.003911 -0.008231 -0.018001 -0.024124 -0.026095 -0.024189 -0.019312 -0.012733 -0.005793 0.000360 0.004948 0.007634 0.008482 0.007856 0.006274 0.004274 0.002308 0.000681 -0.000457 -0.001094 -0.001309 -0.001228 -0.000981 -0.000679 -0.000398 -0.000178
-0.000162 -0.000360 -0.000614 -0.000886 -0.001109 -0.001183 -0.000989 -0.000414 0.000613 0.002081 0.003855 0.005659 0.007085 0.007650 0.006885 0.004463 0.000323 -0.005227 -0.011488 -0.017422 -0.021822 -0.023541 -0.021763 -0.016240 -0.007427 0.003526 0.014942 0.024925 0.031733 0.034149 0.031733 0.024925 0.014942 0.003526 -0.007427 -0.016240 -0.021763 -0.023541 -0.021822 -0.017422 -0.011488 -0.005227 0.000323 0.004463 0.006885 0.007650 0.007085 0.005659 0.003855 0.002081 0.000613 -0.000414 -0.000989 -0.001183 -0.001109 -0.000886 -0.000614 -0.000360 -0.000162
-0.000146 -0.000323 -0.000549 -0.000792 -0.000991 -0.001057 -0.000884 -0.000371 0.000546 0.001855 0.003438 0.005048 0.006321 0.006825 0.006143 0.003981 0.000287 -0.004666 -0.010253 -0.015549 -0.019475 -0.021008 -0.019422 -0.014493 -0.006629 0.003145 0.013333 0.022240 0.028316 0.030472 0.028316 0.022240 0.013333 0.003145 -0.006629 -0.014493 -0.019422 -0.021008 -0.019475 -0.015549 -0.010253 -0.004666 0.000287 0.003981 0.006143 0.006825 0.006321 0.005048 0.003438 0.001855 0.000546 -0.000371 -0.000884 -0.001057 -0.000991 -0.000792 -0.000549 -0.000323 -0.000146
-0.000130 -0.000286 -0.000486 -0.000701 -0.000876 -0.000934 -0.000782 -0.000329 0.000480 0.001636 0.003034 0.004454 0.005578 0.006023 0.005421 0.003512 0.000252 -0.004121 -0.009052 -0.013727 -0.017193 -0.018546 -0.017146 -0.012795 -0.005853 0.002775 0.011768 0.019631 0.024994 0.026897 0.024994 0.019631 0.011768 0.002775 -0.005853 -0.012795 -0.017146 -0.018546 -0.017193 -0.013727 -0.009052 -0.004121 0.000252 0.003512 0.005421 0.006023 0.005578 0.004454 0.003034 0.001636 0.000480 -0.000329 -0.000782 -0.000934 -0.000876 -0.000701 -0.000486 -0.000286 -0.000130
-0.000115 -0.000252 -0.000426 -0.000614 -0.000767 -0.000818 -0.000684 -0.000289 0.000418 0.001427 0.002647 0.003888 0.004869 0.005258 0.004732 0.003065 0.000218 -0.003600 -0.007906 -0.011988 -0.015015 -0.016197 -0.014974 -0.011175 -0.005112 0.002421 0.010274 0.017140 0.021823 0.023485 0.021823 0.017140 0.010274 0.002421 -0.005112 -0.011175 -0.014974 -0.016197 -0.015015 -0.011988 -0.007906 -0.003600 0.000218 0.003065 0.004732 0.005258 0.004869 0.003888 0.002647 0.001427 0.000418 -0.000289 -0.000684 -0.000818 -0.000767 -0.000614 -0.000426 -0.000252 -0.000115
-0.000102 -0.000219 -0.000370 -0.000532 -0.000664 -0.000708 -0.000593 -0.000251 0.000359 0.001231 0.002285 0.003357 0.004204 0.004540 0.004085 0.002646 0.000187 -0.003111 -0.006831 -0.010357 -0.012971 -0.013992 -0.012936 -0.009654 -0.004418 0.002090 0.008873 0.014804 0.018849 0.020284 0.018849 0.014804 0.008873 0.002090 -0.004418 -0.009654 -0.012936 -0.013992 -0.012971 -0.010357 -0.006831 -0.003111 0.000187 0.002646 0.004085 0.004540 0.004204 0.003357 0.002285 0.001231 0.000359 -0.000251 -0.000593 -0.000708 -0.000664 -0.000532 -0.000370 -0.000219 -0.000102
-0.000089 -0.000189 -0.000318 -0.000456 -0.000570 -0.000607 -0.000508 -0.000217 0.000305 0.001050 0.001950 0.002866 0.003591 0.003877 0.003489 0.002259 0.000157 -0.002660 -0.005839 -0.008852 -0.011086 -0.011958 -0.011056 -0.008251 -0.003777 0.001784 0.007579 0.012647 0.016104 0.017330 0.016104 0.012647 0.007579 0.001784 -0.003777 -0.008251 -0.011056 -0.011958 -0.011086 -0.008852 -0.005839 -0.002660 0.000157 0.002259 0.003489 0.003877 0.003591 0.002866 0.001950 0.001050 0.000305 -0.000217 -0.000508 -0.000607 -0.000570 -0.000456 -0.000318 -0.000189 -0.000089
-0.000077 -0.000162 -0.000271 -0.000388 -0.000484 -0.000515 -0.000432 -0.000185 0.000256 0.000885 0.001646 0.002421 0.003033 0.003275 0.002947 0.001907 0.000131 -0.002251 -0.004937 -0.007484 -0.009372 -0.010110 -0.009347 -0.006977 -0.003195 0.001506 0.006405 0.010688 0.013610 0.014647 0.013610 0.010688 0.006405 0.001506 -0.003195 -0.006977 -0.009347 -0.010110 -0.009372 -0.007484 -0.004937 -0.002251 0.000131 0.001907 0.002947 0.003275 0.003033 0.002421 0.001646 0.000885 0.000256 -0.000185 -0.000432 -0.000515 -0.000484 -0.000388 -0.000271 -0.000162 -0.000077
-0.000067 -0.000138 -0.000229 -0.000327 -0.000406 -0.000433 -0.000363 -0.000157 0.000211 0.000738 0.001374 0.002022 0.002534 0.002736 0.002462 0.001593 0.000107 -0.001884 -0.004130 -0.006260 -0.007839 -0.008455 -0.007817 -0.005836 -0.002673 0.001257 0.005353 0.008935 0.011378 0.012244 0.011378 0.008935 0.005353 0.001257 -0.002673 -0.005836 -0.007817 -0.008455 -0.007839 -0.006260 -0.004130 -0.001884 0.000107 0.001593 0.002462 0.002736 0.002534 0.002022 0.001374 0.000738 0.000211 -0.000157 -0.000363 -0.000433 -0.000406 -0.000327 -0.000229 -0.000138 -0.000067
-0.000057 -0.000116 -0.000192 -0.000272 -0.000339 -0.000360 -0.000303 -0.000132 0.000173 0.000608 0.001135 0.001670 0.002093 0.002261 0.002034 0.001315 0.000086 -0.001561 -0.003419 -0.005180 -0.006486 -0.006996 -0.006468 -0.004829 -0.002213 0.001037 0.004425 0.007388 0.009408 0.010125 0.009408 0.007388 0.004425 0.001037 -0.002213 -0.004829 -0.006468 -0.006996 -0.006486 -0.005180 -0.003419 -0.001561 0.000086 0.001315 0.002034 0.002261 0.002093 0.001670 0.001135 0.000608 0.000173 -0.000132 -0.000303 -0.000360 -0.000339 -0.000272 -0.000192 -0.000116 -0.000057
-0.000049 -0.000098 -0.000159 -0.000225 -0.000279 -0.000297 -0.000250 -0.000111 0.000139 0.000495 0.000926 0.001364 0.001710 0.001848 0.001662 0.001073 0.000068 -0.001279 -0.002800 -0.004241 -0.005309 -0.005726 -0.005295 -0.003954 -0.001813 0.000846 0.003618 0.006042 0.007695 0.008282 0.007695 0.006042 0.003618 0.000846 -0.001813 -0.003954 -0.005295 -0.005726 -0.005309 -0.004241 -0.002800 -0.001279 0.000068 0.001073 0.001662 0.001848 0.001710 0.001364 0.000926 0.000495 0.000139 -0.000111 -0.000250 -0.000297 -0.000279 -0.000225 -0.000159 -0.000098 -0.000049
-0.000043 -0.000081 -0.000131 -0.000185 -0.000229 -0.000243 -0.000205 -0.000092 0.000110 0.000398 0.000747 0.001101 0.001382 0.001493 0.001342 0.000866 0.000053 -0.001038 -0.002268 -0.003435 -0.004300 -0.004637 -0.004288 -0.003202 -0.001470 0.000682 0.002926 0.004888 0.006226 0.006701 0.006226 0.004888 0.002926 0.000682 -0.001470 -0.003202 -0.004288 -0.004637 -0.004300 -0.003435 -0.002268 -0.001038 0.000053 0.000866 0.001342 0.001493 0.001382 0.001101 0.000747 0.000398 0.000110 -0.000092 -0.000205 -0.000243 -0.000229 -0.000185 -0.000131 -0.000081 -0.000043
-0.000037 -0.000068 -0.000108 -0.000151 -0.000186 -0.000197 -0.000167 -0.000076 0.000085 0.000316 0.000595 0.000879 0.001104 0.001193 0.001072 0.000691 0.000040 -0.000834 -0.001819 -0.002753 -0.003445 -0.003716 -0.003436 -0.002567 -0.001180 0.000544 0.002340 0.003911 0.004982 0.005362 0.004982 0.003911 0.002340 0.000544 -0.001180 -0.002567 -0.003436 -0.003716 -0.003445 -0.002753 -0.001819 -0.000834 0.000040 0.000691 0.001072 0.001193 0.001104 0.000879 0.000595 0.000316 0.000085 -0.000076 -0.000167 -0.000197 -0.000186 -0.000151 -0.000108 -0.000068 -0.000037
-0.000032 -0.000057 -0.000088 -0.000122 -0.000150 -0.000159 -0.000135 -0.000063 0.000065 0.000248 0.000469 0.000693 0.000871 0.000942 0.000846 0.000544 0.000029 -0.000663 -0.001443 -0.002183 -0.002731 -0.002945 -0.002724 -0.002036 -0.000937 0.000428 0.001850 0.003094 0.003943 0.004244 0.003943 0.003094 0.001850 0.000428 -0.000937 -0.002036 -0.002724 -0.002945 -0.002731 -0.002183 -0.001443 -0.000663 0.000029 0.000544 0.000846 0.000942 0.000871 0.000693 0.000469 0.000248 0.000065 -0.000063 -0.000135 -0.000159 -0.000150 -0.000122 -0.000088 -0.000057 -0.000032
-0.000028 -0.000047 -0.000072 -0.000099 -0.000120 -0.000128 -0.000109 -0.000053 0.000048 0.000191 0.000364 0.000540 0.000680 0.000735 0.000660 0.000424 0.000019 -0.000522 -0.001134 -0.001713 -0.002143 -0.002311 -0.002137 -0.001598 -0.000737 0.000332 0.001447 0.002421 0.003086 0.003322 0.003086 0.002421 0.001447 0.000332 -0.000737 -0.001598 -0.002137 -0.002311 -0.002143 -0.001713 -0.001134 -0.000522 0.000019 0.000424 0.000660 0.000735 0.000680 0.000540 0.000364 0.000191 0.000048 -0.000053 -0.000109 -0.000128 -0.000120 -0.000099 -0.000072 -0.000047 -0.000028
-0.000025 -0.000040 -0.000059 -0.000079 -0.000096 -0.000102 -0.000087 -0.000044 0.000034 0.000145 0.000279 0.000416 0.000524 0.000567 0.000509 0.000325 0.000012 -0.000408 -0.000882 -0.001331 -0.001664 -0.001794 -0.001659 -0.001241 -0.000574 0.000254 0.001118 0.001874 0.002389 0.002572 0.002389 0.001874 0.001118 0.000254 -0.000574 -0.001241 -0.001659 -0.001794 -0.001664 -0.001331 -0.000882 -0.000408 0.000012 0.000325 0.000509 0.000567 0.000524 0.000416 0.000279 0.000145 0.000034 -0.000044 -0.000087 -0.000102 -0.000096 -0.000079 -0.000059 -0.000040 -0.000025
-0.000022 -0.000033 -0.000048 -0.000064 -0.000077 -0.000081 -0.000070 -0.000037 0.000023 0.000108 0.000211 0.000316 0.000398 0.000431 0.000387 0.000246 0.000006 -0.000316 -0.000679 -0.001023 -0.001279 -0.001378 -0.001275 -0.000955 -0.000443 0.000192 0.000854 0.001433 0.001828 0.001968 0.001828 0.001433 0.000854 0.000192 -0.000443 -0.000955 -0.001275 -0.001378 -0.001279 -0.001023 -0.000679 -0.000316 0.000006 0.000246 0.000387 0.000431 0.000398 0.000316 0.000211 0.000108 0.000023 -0.000037 -0.000070 -0.000081 -0.000077 -0.000064 -0.000048 -0.000033 -0.000022
-0.000020 -0.000029 -0.000040 -0.000052 -0.000062 -0.000065 -0.000056 -0.000031 0.000014 0.000079 0.000157 0.000236 0.000299 0.000324 0.000290 0.000184 0.000001 -0.000243 -0.000518 -0.000779 -0.000973 -0.001048 -0.000970 -0.000727 -0.000340 0.000142 0.000645 0.001084 0.001383 0.001490 0.001383 0.001084 0.000645 0.000142 -0.000340 -0.000727 -0.000970 -0.001048 -0.000973 -0.000779 -0.000518 -0.000243 0.000001 0.000184 0.000290 0.000324 0.000299 0.000236 0.000157 0.000079 0.000014 -0.000031 -0.000056 -0.000065 -0.000062 -0.000052 -0.000040 -0.000029 -0.000020
-0.000018 -0.000025 -0.000033 -0.000042 -0.000050 -0.000052 -0.000046 -0.000027 0.000007 0.000056 0.000114 0.000174 0.000221 0.000240 0.000214 0.000134 -0.000002 -0.000185 -0.000392 -0.000588 -0.000733 -0.000790 -0.000731 -0.000549 -0.000258 0.000103 0.000480 0.000810 0.001034 0.001114 0.001034 0.000810 0.000480 0.000103 -0.000258 -0.000549 -0.000731 -0.000790 -0.000733 -0.000588 -0.000392 -0.000185 -0.000002 0.000134 0.000214 0.000240 0.000221 0.000174 0.000114 0.000056 0.000007 -0.000027 -0.000046 -0.000052 -0.000050 -0.000042 -0.000033 -0.000025 -0.000018
-0.000017 -0.000022 -0.000028 -0.000035 -0.000040 -0.000042 -0.000037 -0.000023 0.000002 0.000038 0.000081 0.000126 0.000160 0.000174 0.000156 0.000096 -0.000005 -0.000141 -0.000294 -0.000440 -0.000548 -0.000590 -0.000546 -0.000411 -0.000195 0.000073 0.000353 0.000597 0.000764 0.000823 0.000764 0.000597 0.000353 0.000073 -0.000195 -0.000411 -0.000546 -0.000590 -0.000548 -0.000440 -0.000294 -0.000141 -0.000005 0.000096 0.000156 0.000174 0.000160 0.000126 0.000081 0.000038 0.000002 -0.000023 -0.000037 -0.000042 -0.000040 -0.000035 -0.000028 -0.000022 -0.000017
-0.000016 -0.000020 -0.000024 -0.000029 -0.000033 -0.000034 -0.000031 -0.000021 -0.000002 0.000024 0.000056 0.000089 0.000114 0.000124 0.000111 0.000067 -0.000007 -0.000107 -0.000220 -0.000326 -0.000406 -0.000436 -0.000404 -0.000305 -0.000147 0.000050 0.000256 0.000435 0.000557 0.000601 0.000557 0.000435 0.000256 0.000050 -0.000147 -0.000305 -0.000404 -0.000436 -0.000406 -0.000326 -0.000220 -0.000107 -0.000007 0.000067 0.000111 0.000124 0.000114 0.000089 0.000056 0.000024 -0.000002 -0.000021 -0.000031 -0.000034 -0.000033 -0.000029 -0.000024 -0.000020 -0.000016
