-0.000023 -0.000032 -0.000044 -0.000052 -0.000043 -0.000007 0.000060 0.000139 0.000187 0.000147 -0.000011 -0.000267 -0.000527 -0.000656 -0.000546 -0.000185 0.000310 0.000736 0.000905 0.000736 0.000310 -0.000185 -0.000546 -0.000656 -0.000527 -0.000267 -0.000011 0.000147 0.000187 0.000139 0.000060 -0.000007 -0.000043 -0.000052 -0.000044 -0.000032 -0.000023
-0.000025 -0.000040 -0.000059 -0.000072 -0.000059 0.000002 0.000113 0.000243 0.000321 0.000256 -0.000006 -0.000428 -0.000856 -0.001069 -0.000888 -0.000293 0.000524 0.001228 0.001506 0.001228 0.000524 -0.000293 -0.000888 -0.001069 -0.000856 -0.000428 -0.000006 0.000256 0.000321 0.000243 0.000113 0.000002 -0.000059 -0.000072 -0.000059 -0.000040 -0.000025
-0.000028 -0.000051 -0.000083 -0.000104 -0.000082 0.000014 0.000193 0.000402 0.000527 0.000423 0.000003 -0.000674 -0.001361 -0.001703 -0.001412 -0.000458 0.000852 0.001982 0.002427 0.001982 0.000852 -0.000458 -0.001412 -0.001703 -0.001361 -0.000674 0.000003 0.000423 0.000527 0.000402 0.000193 0.000014 -0.000082 -0.000104 -0.000083 -0.000051 -0.000028
-0.000032 -0.000069 -0.000118 -0.000150 -0.000117 0.000034 0.000311 0.000637 0.000832 0.000670 0.000015 -0.001039 -0.002109 -0.002642 -0.002189 -0.000703 0.001339 0.003100 0.003793 0.003100 0.001339 -0.000703 -0.002189 -0.002642 -0.002109 -0.001039 0.000015 0.000670 0.000832 0.000637 0.000311 0.000034 -0.000117 -0.000150 -0.000118 -0.000069 -0.000032
-0.000039 -0.000094 -0.000168 -0.000217 -0.000167 0.000061 0.000482 0.000976 0.001270 0.001026 0.000034 -0.001563 -0.003184 -0.003991 -0.003305 -0.001054 0.002038 0.004704 0.005755 0.004704 0.002038 -0.001054 -0.003305 -0.003991 -0.003184 -0.001563 0.000034 0.001026 0.001270 0.000976 0.000482 0.000061 -0.000167 -0.000217 -0.000168 -0.000094 -0.000039
-0.000047 -0.000129 -0.000238 -0.000310 -0.000236 0.000100 0.000718 0.001445 0.001879 0.001519 0.000059 -0.002290 -0.004676 -0.005865 -0.004855 -0.001541 0.003009 0.006933 0.008479 0.006933 0.003009 -0.001541 -0.004855 -0.005865 -0.004676 -0.002290 0.000059 0.001519 0.001879 0.001445 0.000718 0.000100 -0.000236 -0.000310 -0.000238 -0.000129 -0.000047
-0.000059 -0.000176 -0.000331 -0.000435 -0.000329 0.000151 0.001036 0.002076 0.002695 0.002181 0.000093 -0.003267 -0.006679 -0.008379 -0.006935 -0.002196 0.004311 0.009924 0.012135 0.009924 0.004311 -0.002196 -0.006935 -0.008379 -0.006679 -0.003267 0.000093 0.002181 0.002695 0.002076 0.001036 0.000151 -0.000329 -0.000435 -0.000331 -0.000176 -0.000059
-0.000075 -0.000237 -0.000453 -0.000597 -0.000449 0.000218 0.001447 0.002892 0.003754 0.003038 0.000137 -0.004532 -0.009275 -0.011637 -0.009630 -0.003044 0.006000 0.013800 0.016874 0.013800 0.006000 -0.003044 -0.009630 -0.011637 -0.009275 -0.004532 0.000137 0.003038 0.003754 0.002892 0.001447 0.000218 -0.000449 -0.000597 -0.000453 -0.000237 -0.000075
-0.000094 -0.000313 -0.000604 -0.000799 -0.000600 0.000301 0.001962 0.003913 0.005077 0.004111 0.000192 -0.006114 -0.012520 -0.015710 -0.012999 -0.004104 0.008110 0.018645 0.022796 0.018645 0.008110 -0.004104 -0.012999 -0.015710 -0.012520 -0.006114 0.000192 0.004111 0.005077 0.003913 0.001962 0.000301 -0.000600 -0.000799 -0.000604 -0.000313 -0.000094
-0.000117 -0.000404 -0.000787 -0.001043 -0.000781 0.000401 0.002581 0.005143 0.006670 0.005402 0.000258 -0.008019 -0.016425 -0.020613 -0.017055 -0.005380 0.010651 0.024478 0.029926 0.024478 0.010651 -0.005380 -0.017055 -0.020613 -0.016425 -0.008019 0.000258 0.005402 0.006670 0.005143 0.002581 0.000401 -0.000781 -0.001043 -0.000787 -0.000404 -0.000117
-0.000144 -0.000510 -0.000998 -0.001324 -0.000990 0.000517 0.003298 0.006565 0.008512 0.006895 0.000334 -0.010222 -0.020944 -0.026286 -0.021748 -0.006857 0.013590 0.031225 0.038174 0.031225 0.013590 -0.006857 -0.021748 -0.026286 -0.020944 -0.010222 0.000334 0.006895 0.008512 0.006565 0.003298 0.000517 -0.000990 -0.001324 -0.000998 -0.000510 -0.000144
-0.000173 -0.000628 -0.001232 -0.001637 -0.001222 0.000646 0.004092 0.008141 0.010556 0.008551 0.000419 -0.012665 -0.025955 -0.032575 -0.026951 -0.008494 0.016849 0.038707 0.047320 0.038707 0.016849 -0.008494 -0.026951 -0.032575 -0.025955 -0.012665 0.000419 0.008551 0.010556 0.008141 0.004092 0.000646 -0.001222 -0.001637 -0.001232 -0.000628 -0.000173
-0.000204 -0.000752 -0.001480 -0.001967 -0.001468 0.000782 0.004933 0.009810 0.012718 0.010303 0.000509 -0.015251 -0.031258 -0.039232 -0.032457 -0.010227 0.020298 0.046627 0.057001 0.046627 0.020298 -0.010227 -0.032457 -0.039232 -0.031258 -0.015251 0.000509 0.010303 0.012718 0.009810 0.004933 0.000782 -0.001468 -0.001967 -0.001480 -0.000752 -0.000204
-0.000236 -0.000877 -0.001729 -0.002299 -0.001715 0.000919 0.005777 0.011486 0.014890 0.012063 0.000599 -0.017848 -0.036584 -0.045918 -0.037988 -0.011967 0.023762 0.054580 0.066722 0.054580 0.023762 -0.011967 -0.037988 -0.045918 -0.036584 -0.017848 0.000599 0.012063 0.014890 0.011486 0.005777 0.000919 -0.001715 -0.002299 -0.001729 -0.000877 -0.000236
-0.000266 -0.000995 -0.001964 -0.002613 -0.001948 0.001048 0.006574 0.013068 0.016940 0.013724 0.000685 -0.020299 -0.041610 -0.052228 -0.043207 -0.013610 0.027031 0.062085 0.075897 0.062085 0.027031 -0.013610 -0.043207 -0.052228 -0.041610 -0.020299 0.000685 0.013724 0.016940 0.013068 0.006574 0.001048 -0.001948 -0.002613 -0.001964 -0.000995 -0.000266
-0.000291 -0.001097 -0.002169 -0.002886 -0.002152 0.001161 0.007269 0.014447 0.018727 0.015173 0.000759 -0.022435 -0.045993 -0.057729 -0.047758 -0.015041 0.029882 0.068629 0.083897 0.068629 0.029882 -0.015041 -0.047758 -0.057729 -0.045993 -0.022435 0.000759 0.015173 0.018727 0.014447 0.007269 0.001161 -0.002152 -0.002886 -0.002169 -0.001097 -0.000291
-0.000312 -0.001177 -0.002328 -0.003098 -0.002310 0.001248 0.007810 0.015520 0.020117 0.016300 0.000816 -0.024098 -0.049403 -0.062010 -0.051299 -0.016156 0.032100 0.073722 0.090122 0.073722 0.032100 -0.016156 -0.051299 -0.062010 -0.049403 -0.024098 0.000816 0.016300 0.020117 0.015520 0.007810 0.001248 -0.002310 -0.003098 -0.002328 -0.001177 -0.000312
-0.000324 -0.001228 -0.002430 -0.003233 -0.002410 0.001304 0.008153 0.016202 0.021001 0.017015 0.000853 -0.025154 -0.051570 -0.064729 -0.053549 -0.016864 0.033509 0.076957 0.094076 0.076957 0.033509 -0.016864 -0.053549 -0.064729 -0.051570 -0.025154 0.000853 0.017015 0.021001 0.016202 0.008153 0.001304 -0.002410 -0.003233 -0.002430 -0.001228 -0.000324
-0.000329 -0.001245 -0.002464 -0.003280 -0.002445 0.001323 0.008271 0.016435 0.021304 0.017261 0.000866 -0.025517 -0.052313 -0.065662 -0.054320 -0.017106 0.033992 0.078066 0.095433 0.078066 0.033992 -0.017106 -0.054320 -0.065662 -0.052313 -0.025517 0.000866 0.017261 0.021304 0.016435 0.008271 0.001323 -0.002445 -0.003280 -0.002464 -0.001245 -0.000329
-0.000324 -0.001228 -0.002430 -0.003233 -0.002410 0.001304 0.008153 0.016202 0.021001 0.017015 0.000853 -0.025154 -0.051570 -0.064729 -0.053549 -0.016864 0.033509 0.076957 0.094076 0.076957 0.033509 -0.016864 -0.053549 -0.064729 -0.051570 -0.025154 0.000853 0.017015 0.021001 0.016202 0.008153 0.001304 -0.002410 -0.003233 -0.002430 -0.001228 -0.000324
-0.000312 -0.001177 -0.002328 -0.003098 -0.002310 0.001248 0.007810 0.015520 0.020117 0.016300 0.000816 -0.024098 -0.049403 -0.062010 -0.051299 -0.016156 0.032100 0.073722 0.090122 0.073722 0.032100 -0.016156 -0.051299 -0.062010 -0.049403 -0.024098 0.000816 0.016300 0.020117 0.015520 0.007810 0.001248 -0.002310 -0.003098 -0.002328 -0.001177 -0.000312
-0.000291 -0.001097 -0.002169 -0.002886 -0.002152 0.001161 0.007269 0.014447 0.018727 0.015173 0.000759 -0.022435 -0.045993 -0.057729 -0.047758 -0.015041 0.029882 0.068629 0.083897 0.068629 0.029882 -0.015041 -0.047758 -0.057729 -0.045993 -0.022435 0.000759 0.015173 0.018727 0.014447 0.007269 0.001161 -0.002152 -0.002886 -0.002169 -0.001097 -0.000291
-0.000266 -0.000995 -0.001964 -0.002613 -0.001948 0.001048 0.006574 0.013068 0.016940 0.013724 0.000685 -0.020299 -0.041610 -0.052228 -0.043207 -0.013610 0.027031 0.062085 0.075897 0.062085 0.027031 -0.013610 -0.043207 -0.052228 -0.041610 -0.020299 0.000685 0.013724 0.016940 0.013068 0.006574 0.001048 -0.001948 -0.002613 -0.001964 -0.000995 -0.000266
-0.000236 -0.000877 -0.001729 -0.002299 -0.001715 0.000919 0.005777 0.011486 0.014890 0.012063 0.000599 -0.017848 -0.036584 -0.045918 -0.037988 -0.011967 0.023762 0.054580 0.066722 0.054580 0.023762 -0.011967 -0.037988 -0.045918 -0.036584 -0.017848 0.000599 0.012063 0.014890 0.011486 0.005777 0.000919 -0.001715 -0.002299 -0.001729 -0.000877 -0.000236
-0.000204 -0.000752 -0.001480 -0.001967 -0.001468 0.000782 0.004933 0.009810 0.012718 0.010303 0.000509 -0.015251 -0.031258 -0.039232 -0.032457 -0.010227 0.020298 0.046627 0.057001 0.046627 0.020298 -0.010227 -0.032457 -0.039232 -0.031258 -0.015251 0.000509 0.010303 0.012718 0.009810 0.004933 0.000782 -0.001468 -0.001967 -0.001480 -0.000752 -0.000204
-0.000173 -0.000628 -0.001232 -0.001637 -0.001222 0.000646 0.004092 0.008141 0.010556 0.008551 0.000419 -0.012665 -0.025955 -0.032575 -0.026951 -0.008494 0.016849 0.038707 0.047320 0.038707 0.016849 -0.008494 -0.026951 -0.032575 -0.025955 -0.012665 0.000419 0.008551 0.010556 0.008141 0.004092 0.000646 -0.001222 -0.001637 -0.001232 -0.000628 -0.000173
-0.000144 -0.000510 -0.000998 -0.001324 -0.000990 0.000517 0.003298 0.006565 0.008512 0.006895 0.000334 -0.010222 -0.020944 -0.026286 -0.021748 -0.006857 0.013590 0.031225 0.038174 0.031225 0.013590 -0.006857 -0.021748 -0.026286 -0.020944 -0.010222 0.000334 0.006895 0.008512 0.006565 0.003298 0.000517 -0.000990 -0.001324 -0.000998 -0.000510 -0.000144
-0.000117 -0.000404 -0.000787 -0.001043 -0.000781 0.000401 0.002581 0.005143 0.006670 0.005402 0.000258 -0.008019 -0.016425 -0.020613 -0.017055 -0.005380 0.010651 0.024478 0.029926 0.024478 0.010651 -0.005380 -0.017055 -0.020613 -0.016425 -0.008019 0.000258 0.005402 0.006670 0.005143 0.002581 0.000401 -0.000781 -0.001043 -0.000787 -0.000404 -0.000117
-0.000094 -0.000313 -0.000604 -0.000799 -0.000600 0.000301 0.001962 0.003913 0.005077 0.004111 0.000192 -0.006114 -0.012520 -0.015710 -0.012999 -0.004104 0.008110 0.018645 0.022796 0.018645 0.008110 -0.004104 -0.012999 -0.015710 -0.012520 -0.006114 0.000192 0.004111 0.005077 0.003913 0.001962 0.000301 -0.000600 -0.000799 -0.000604 -0.000313 -0.000094
-0.000075 -0.000237 -0.000453 -0.000597 -0.000449 0.000218 0.001447 0.002892 0.003754 0.003038 0.000137 -0.004532 -0.009275 -0.011637 -0.009630 -0.003044 0.006000 0.013800 0.016874 0.013800 0.006000 -0.003044 -0.009630 -0.011637 -0.009275 -0.004532 0.000137 0.003038 0.003754 0.002892 0.001447 0.000218 -0.000449 -0.000597 -0.000453 -0.000237 -0.000075
-0.000059 -0.000176 -0.000331 -0.000435 -0.000329 0.000151 0.001036 0.002076 0.002695 0.002181 0.000093 -0.003267 -0.006679 -0.008379 -0.006935 -0.002196 0.004311 0.009924 0.012135 0.009924 0.004311 -0.002196 -0.006935 -0.008379 -0.006679 -0.003267 0.000093 0.002181 0.002695 0.002076 0.001036 0.000151 -0.000329 -0.000435 -0.000331 -0.000176 -0.000059
-0.000047 -0.000129 -0.000238 -0.000310 -0.000236 0.000100 0.000718 0.001445 0.001879 0.001519 0.000059 -0.002290 -0.004676 -0.005865 -0.004855 -0.001541 0.003009 0.006933 0.008479 0.006933 0.003009 -0.001541 -0.004855 -0.005865 -0.004676 -0.002290 0.000059 0.001519 0.001879 0.001445 0.000718 0.000100 -0.000236 -0.000310 -0.000238 -0.000129 -0.000047
-0.000039 -0.000094 -0.000168 -0.000217 -0.000167 0.000061 0.000482 0.000976 0.001270 0.001026 0.000034 -0.001563 -0.003184 -0.003991 -0.003305 -0.001054 0.002038 0.004704 0.005755 0.004704 0.002038 -0.001054 -0.003305 -0.003991 -0.003184 -0.001563 0.000034 0.001026 0.001270 0.000976 0.000482 0.000061 -0.000167 -0.000217 -0.000168 -0.000094 -0.000039
-0.000032 -0.000069 -0.000118 -0.000150 -0.000117 0.000034 0.000311 0.000637 0.000832 0.000670 0.000015 -0.001039 -0.002109 -0.002642 -0.002189 -0.000703 0.001339 0.003100 0.003793 0.003100 0.001339 -0.000703 -0.002189 -0.002642 -0.002109 -0.001039 0.000015 0.000670 0.000832 0.000637 0.000311 0.000034 -0.000117 -0.000150 -0.000118 -0.000069 -0.000032
-0.000028 -0.000051 -0.000083 -0.000104 -0.000082 0.000014 0.000193 0.000402 0.000527 0.000423 0.000003 -0.000674 -0.001361 -0.001703 -0.001412 -0.000458 0.000852 0.001982 0.002427 0.001982 0.000852 -0.000458 -0.001412 -0.001703 -0.001361 -0.000674 0.000003 0.000423 0.000527 0.000402 0.000193 0.000014 -0.000082 -0.000104 -0.000083 -0.000051 -0.000028
-0.000025 -0.000040 -0.000059 -0.000072 -0.000059 0.000002 0.000113 0.000243 0.000321 0.000256 -0.000006 -0.000428 -0.000856 -0.001069 -0.000888 -0.000293 0.000524 0.001228 0.001506 0.001228 0.000524 -0.000293 -0.000888 -0.001069 -0.000856 -0.000428 -0.000006 0.000256 0.000321 0.000243 0.000113 0.000002 -0.000059 -0.000072 -0.000059 -0.000040 -0.000025
-0.000023 -0.000032 -0.000044 -0.000052 -0.000043 -0.000007 0.000060 0.000139 0.000187 0.000147 -0.000011 -0.000267 -0.000527 -0.000656 -0.000546 -0.000185 0.000310 0.000736 0.000905 0.000736 0.000310 -0.000185 -0.000546 -0.000656 -0.000527 -0.000267 -0.000011 0.000147 0.000187 0.000139 0.000060 -0.000007 -0.000043 -0.000052 -0.000044 -0.000032 -0.000023
