-0.000029 -0.000029 -0.000030 -0.000029 -0.000026 -0.000022 -0.000016 -0.000006 0.000008 0.000026 0.000048 0.000073 0.000101 0.000129 0.000156 0.000177 0.000191 0.000194 0.000183 0.000155 0.000109 0.000045 -0.000035 -0.000127 -0.000226 -0.000327 -0.000423 -0.000507 -0.000573 -0.000616 -0.000632 -0.000623 -0.000587 -0.000530 -0.000455 -0.000369 -0.000278 -0.000188 -0.000104 -0.000032 0.000027 0.000070 0.000099 0.000114 0.000117 0.000110 0.000098 0.000081 0.000063 0.000044 0.000027 0.000013 0.000001 -0.000009 -0.000015 -0.000020 -0.000023 -0.000025 -0.000026
-0.000032 -0.000034 -0.000036 -0.000036 -0.000036 -0.000033 -0.000027 -0.000017 -0.000002 0.000020 0.000048 0.000084 0.000125 0.000171 0.000219 0.000265 0.000305 0.000334 0.000346 0.000338 0.000306 0.000247 0.000161 0.000052 -0.000076 -0.000216 -0.000360 -0.000498 -0.000621 -0.000720 -0.000788 -0.000822 -0.000820 -0.000784 -0.000717 -0.000627 -0.000520 -0.000406 -0.000292 -0.000185 -0.000091 -0.000014 0.000045 0.000086 0.000110 0.000119 0.000117 0.000106 0.000090 0.000071 0.000052 0.000034 0.000018 0.000005 -0.000005 -0.000013 -0.000018 -0.000022 -0.000024
-0.000036 -0.000040 -0.000043 -0.000047 -0.000050 -0.000051 -0.000048 -0.000040 -0.000026 -0.000003 0.000030 0.000074 0.000129 0.000195 0.000269 0.000346 0.000423 0.000492 0.000545 0.000576 0.000577 0.000543 0.000470 0.000360 0.000214 0.000040 -0.000152 -0.000352 -0.000546 -0.000721 -0.000866 -0.000970 -0.001030 -0.001042 -0.001009 -0.000935 -0.000830 -0.000702 -0.000563 -0.000423 -0.000290 -0.000171 -0.000072 0.000005 0.000061 0.000096 0.000113 0.000116 0.000109 0.000094 0.000077 0.000058 0.000039 0.000023 0.000009 -0.000002 -0.000010 -0.000016 -0.000020
-0.000039 -0.000045 -0.000053 -0.000061 -0.000068 -0.000075 -0.000079 -0.000078 -0.000069 -0.000050 -0.000018 0.000031 0.000097 0.000181 0.000281 0.000396 0.000518 0.000640 0.000753 0.000845 0.000906 0.000926 0.000896 0.000812 0.000673 0.000484 0.000254 -0.000004 -0.000275 -0.000541 -0.000784 -0.000989 -0.001143 -0.001239 -0.001274 -0.001251 -0.001175 -0.001056 -0.000909 -0.000744 -0.000576 -0.000415 -0.000270 -0.000148 -0.000050 0.000022 0.000070 0.000098 0.000108 0.000105 0.000094 0.000078 0.000060 0.000042 0.000026 0.000012 0.000000 -0.000008 -0.000015
-0.000042 -0.000051 -0.000062 -0.000075 -0.000090 -0.000105 -0.000120 -0.000130 -0.000134 -0.000126 -0.000103 -0.000059 0.000009 0.000104 0.000227 0.000377 0.000549 0.000735 0.000924 0.001101 0.001252 0.001361 0.001413 0.001396 0.001305 0.001138 0.000900 0.000603 0.000265 -0.000094 -0.000449 -0.000779 -0.001061 -0.001281 -0.001428 -0.001497 -0.001492 -0.001420 -0.001294 -0.001129 -0.000941 -0.000746 -0.000557 -0.000385 -0.000238 -0.000118 -0.000028 0.000035 0.000073 0.000092 0.000095 0.000089 0.000075 0.000059 0.000042 0.000026 0.000013 0.000002 -0.000007
-0.000042 -0.000053 -0.000068 -0.000087 -0.000111 -0.000138 -0.000167 -0.000195 -0.000218 -0.000232 -0.000230 -0.000205 -0.000150 -0.000059 0.000074 0.000249 0.000465 0.000716 0.000990 0.001272 0.001541 0.001777 0.001957 0.002061 0.002073 0.001982 0.001787 0.001496 0.001123 0.000691 0.000228 -0.000236 -0.000672 -0.001052 -0.001355 -0.001568 -0.001686 -0.001711 -0.001653 -0.001526 -0.001350 -0.001142 -0.000923 -0.000707 -0.000509 -0.000337 -0.000196 -0.000087 -0.000010 0.000041 0.000069 0.000080 0.000078 0.000068 0.000055 0.000040 0.000025 0.000012 0.000002
-0.000038 -0.000050 -0.000069 -0.000094 -0.000126 -0.000166 -0.000213 -0.000264 -0.000316 -0.000363 -0.000398 -0.000410 -0.000389 -0.000325 -0.000207 -0.000030 0.000211 0.000513 0.000868 0.001260 0.001668 0.002064 0.002418 0.002701 0.002883 0.002942 0.002866 0.002650 0.002305 0.001848 0.001310 0.000725 0.000133 -0.000429 -0.000927 -0.001333 -0.001631 -0.001813 -0.001882 -0.001849 -0.001732 -0.001551 -0.001331 -0.001092 -0.000855 -0.000634 -0.000440 -0.000279 -0.000152 -0.000060 0.000003 0.000041 0.000059 0.000063 0.000058 0.000048 0.000035 0.000022 0.000011
-0.000028 -0.000040 -0.000060 -0.000089 -0.000129 -0.000182 -0.000248 -0.000326 -0.000413 -0.000505 -0.000591 -0.000661 -0.000701 -0.000696 -0.000630 -0.000488 -0.000259 0.000061 0.000471 0.000958 0.001503 0.002076 0.002640 0.003154 0.003576 0.003870 0.004005 0.003962 0.003737 0.003341 0.002797 0.002143 0.001423 0.000685 -0.000022 -0.000657 -0.001186 -0.001587 -0.001850 -0.001979 -0.001985 -0.001889 -0.001716 -0.001491 -0.001242 -0.000988 -0.000750 -0.000537 -0.000359 -0.000218 -0.000112 -0.000038 0.000009 0.000035 0.000045 0.000045 0.000038 0.000028 0.000018
-0.000011 -0.000021 -0.000038 -0.000067 -0.000111 -0.000173 -0.000256 -0.000362 -0.000488 -0.000631 -0.000783 -0.000932 -0.001062 -0.001153 -0.001182 -0.001127 -0.000967 -0.000685 -0.000274 0.000265 0.000916 0.001652 0.002434 0.003213 0.003935 0.004544 0.004990 0.005235 0.005253 0.005037 0.004600 0.003971 0.003197 0.002331 0.001435 0.000566 -0.000223 -0.000892 -0.001414 -0.001776 -0.001980 -0.002040 -0.001979 -0.001825 -0.001607 -0.001356 -0.001096 -0.000846 -0.000622 -0.000431 -0.000278 -0.000161 -0.000078 -0.000023 0.000009 0.000025 0.000030 0.000027 0.000020
0.000012 0.000010 -0.000001 -0.000025 -0.000066 -0.000130 -0.000223 -0.000349 -0.000511 -0.000707 -0.000932 -0.001176 -0.001421 -0.001645 -0.001820 -0.001913 -0.001892 -0.001728 -0.001397 -0.000887 -0.000200 0.000645 0.001613 0.002652 0.003699 0.004682 0.005530 0.006178 0.006575 0.006687 0.006506 0.006046 0.005343 0.004451 0.003438 0.002376 0.001335 0.000379 -0.000444 -0.001100 -0.001575 -0.001870 -0.001998 -0.001986 -0.001864 -0.001666 -0.001425 -0.001167 -0.000915 -0.000686 -0.000489 -0.000328 -0.000205 -0.000115 -0.000053 -0.000015 0.000006 0.000015 0.000015
0.000042 0.000050 0.000051 0.000041 0.000012 -0.000043 -0.000134 -0.000267 -0.000452 -0.000691 -0.000986 -0.001328 -0.001704 -0.002090 -0.002455 -0.002759 -0.002958 -0.003007 -0.002864 -0.002498 -0.001889 -0.001040 0.000027 0.001266 0.002612 0.003981 0.005284 0.006429 0.007333 0.007931 0.008181 0.008069 0.007612 0.006853 0.005856 0.004702 0.003476 0.002262 0.001135 0.000151 -0.000650 -0.001248 -0.001645 -0.001854 -0.001903 -0.001826 -0.001660 -0.001439 -0.001195 -0.000950 -0.000724 -0.000527 -0.000365 -0.000238 -0.000145 -0.000079 -0.000037 -0.000012 0.000000
0.000074 0.000097 0.000117 0.000128 0.000123 0.000092 0.000022 -0.000098 -0.000283 -0.000544 -0.000888 -0.001315 -0.001818 -0.002377 -0.002960 -0.003526 -0.004020 -0.004382 -0.004551 -0.004469 -0.004092 -0.003395 -0.002377 -0.001067 0.000479 0.002177 0.003924 0.005606 0.007108 0.008327 0.009180 0.009616 0.009616 0.009198 0.008412 0.007334 0.006057 0.004680 0.003302 0.002007 0.000864 -0.000082 -0.000809 -0.001313 -0.001612 -0.001732 -0.001711 -0.001588 -0.001399 -0.001177 -0.000949 -0.000733 -0.000543 -0.000385 -0.000260 -0.000166 -0.000099 -0.000055 -0.000027
0.000104 0.000144 0.000188 0.000230 0.000261 0.000271 0.000245 0.000165 0.000012 -0.000233 -0.000588 -0.001065 -0.001665 -0.002379 -0.003182 -0.004033 -0.004874 -0.005634 -0.006232 -0.006585 -0.006618 -0.006270 -0.005508 -0.004327 -0.002762 -0.000883 0.001207 0.003381 0.005498 0.007416 0.009009 0.010176 0.010852 0.011013 0.010679 0.009906 0.008781 0.007411 0.005909 0.004387 0.002942 0.001651 0.000567 -0.000284 -0.000897 -0.001287 -0.001485 -0.001527 -0.001454 -0.001305 -0.001115 -0.000911 -0.000714 -0.000537 -0.000388 -0.000269 -0.000178 -0.000112 -0.000068
0.000125 0.000184 0.000255 0.000333 0.000411 0.000479 0.000520 0.000513 0.000433 0.000252 -0.000058 -0.000524 -0.001161 -0.001977 -0.002959 -0.004076 -0.005275 -0.006479 -0.007595 -0.008516 -0.009136 -0.009354 -0.009091 -0.008302 -0.006978 -0.005160 -0.002933 -0.000421 0.002220 0.004819 0.007207 0.009229 0.010766 0.011738 0.012115 0.011916 0.011205 0.010079 0.008658 0.007069 0.005436 0.003869 0.002454 0.001249 0.000287 -0.000426 -0.000906 -0.001180 -0.001288 -0.001270 -0.001168 -0.001015 -0.000842 -0.000669 -0.000511 -0.000375 -0.000265 -0.000180 -0.000118
0.000130 0.000206 0.000303 0.000420 0.000552 0.000690 0.000819 0.000916 0.000953 0.000893 0.000697 0.000325 -0.000261 -0.001085 -0.002157 -0.003466 -0.004972 -0.006605 -0.008269 -0.009842 -0.011190 -0.012171 -0.012660 -0.012554 -0.011791 -0.010361 -0.008309 -0.005736 -0.002790 0.000342 0.003459 0.006358 0.008858 0.010814 0.012135 0.012783 0.012775 0.012182 0.011109 0.009688 0.008061 0.006363 0.004714 0.003208 0.001911 0.000858 0.000060 -0.000498 -0.000843 -0.001015 -0.001053 -0.000999 -0.000888 -0.000749 -0.000604 -0.000467 -0.000348 -0.000251 -0.000175
0.000113 0.000200 0.000317 0.000469 0.000654 0.000868 0.001098 0.001325 0.001517 0.001634 0.001628 0.001443 0.001024 0.000320 -0.000707 -0.002072 -0.003763 -0.005730 -0.007887 -0.010112 -0.012252 -0.014135 -0.015585 -0.016443 -0.016578 -0.015914 -0.014432 -0.012183 -0.009286 -0.005915 -0.002285 0.001364 0.004799 0.007807 0.010224 0.011939 0.012907 0.013146 0.012727 0.011766 0.010405 0.008797 0.007087 0.005404 0.003850 0.002496 0.001383 0.000522 -0.000098 -0.000503 -0.000730 -0.000820 -0.000813 -0.000743 -0.000640 -0.000525 -0.000412 -0.000312 -0.000228
0.000069 0.000157 0.000285 0.000460 0.000689 0.000972 0.001305 0.001671 0.002044 0.002384 0.002635 0.002733 0.002603 0.002170 0.001363 0.000131 -0.001550 -0.003666 -0.006161 -0.008926 -0.011810 -0.014624 -0.017155 -0.019186 -0.020518 -0.020992 -0.020511 -0.019049 -0.016662 -0.013486 -0.009720 -0.005615 -0.001443 0.002529 0.006059 0.008957 0.011097 0.012426 0.012958 0.012768 0.011978 0.010738 0.009208 0.007544 0.005881 0.004328 0.002959 0.001820 0.000924 0.000265 -0.000184 -0.000456 -0.000591 -0.000626 -0.000594 -0.000525 -0.000439 -0.000351 -0.000270
-0.000003 0.000073 0.000195 0.000376 0.000629 0.000962 0.001381 0.001878 0.002436 0.003019 0.003576 0.004034 0.004307 0.004296 0.003901 0.003029 0.001611 -0.000390 -0.002960 -0.006032 -0.009475 -0.013106 -0.016693 -0.019978 -0.022698 -0.024612 -0.025528 -0.025325 -0.023971 -0.021525 -0.018138 -0.014038 -0.009506 -0.004849 -0.000367 0.003669 0.007046 0.009623 0.011336 0.012196 0.012280 0.011713 0.010650 0.009258 0.007698 0.006110 0.004606 0.003267 0.002138 0.001239 0.000564 0.000091 -0.000212 -0.000380 -0.000449 -0.000451 -0.000413 -0.000353 -0.000288
-0.000100 -0.000050 0.000048 0.000210 0.000457 0.000808 0.001278 0.001874 0.002591 0.003408 0.004280 0.005140 0.005896 0.006436 0.006631 0.006351 0.005476 0.003913 0.001613 -0.001414 -0.005089 -0.009258 -0.013700 -0.018141 -0.022272 -0.025779 -0.028377 -0.029837 -0.030015 -0.028868 -0.026459 -0.022954 -0.018607 -0.013727 -0.008655 -0.003722 0.000775 0.004602 0.007602 0.009701 0.010906 0.011293 0.010988 0.010150 0.008946 0.007541 0.006078 0.004672 0.003403 0.002322 0.001449 0.000784 0.000307 -0.000011 -0.000200 -0.000295 -0.000323 -0.000310 -0.000274
-0.000213 -0.000202 -0.000150 -0.000033 0.000173 0.000497 0.000966 0.001605 0.002425 0.003423 0.004575 0.005825 0.007091 0.008254 0.009172 0.009683 0.009619 0.008829 0.007191 0.004640 0.001183 -0.003090 -0.008002 -0.013293 -0.018640 -0.023682 -0.028054 -0.031423 -0.033523 -0.034183 -0.033349 -0.031088 -0.027578 -0.023095 -0.017976 -0.012590 -0.007296 -0.002414 0.001802 0.005182 0.007644 0.009189 0.009888 0.009868 0.009285 0.008308 0.007099 0.005803 0.004532 0.003371 0.002369 0.001552 0.000919 0.000457 0.000141 -0.000058 -0.000168 -0.000215 -0.000221
-0.000327 -0.000368 -0.000378 -0.000334 -0.000207 0.000040 0.000446 0.001051 0.001889 0.002979 0.004322 0.005890 0.007616 0.009398 0.011090 0.012514 0.013468 0.013743 0.013149 0.011533 0.008812 0.004984 0.000151 -0.005484 -0.011622 -0.017892 -0.023880 -0.029165 -0.033369 -0.036186 -0.037422 -0.037008 -0.035012 -0.031625 -0.027139 -0.021914 -0.016344 -0.010809 -0.005649 -0.001132 0.002559 0.005334 0.007187 0.008186 0.008452 0.008138 0.007409 0.006423 0.005321 0.004216 0.003189 0.002293 0.001553 0.000973 0.000542 0.000241 0.000045 -0.000071 -0.000130
-0.000427 -0.000524 -0.000609 -0.000660 -0.000645 -0.000524 -0.000248 0.000238 0.000987 0.002046 0.003447 0.005195 0.007257 0.009557 0.011969 0.014316 0.016382 0.017917 0.018669 0.018402 0.016930 0.014145 0.010039 0.004723 -0.001575 -0.008518 -0.015686 -0.022611 -0.028823 -0.033893 -0.037483 -0.039370 -0.039475 -0.037863 -0.034731 -0.030387 -0.025208 -0.019603 -0.013970 -0.008663 -0.003960 -0.000053 0.002960 0.005068 0.006331 0.006864 0.006813 0.006334 0.005582 0.004690 0.003766 0.002892 0.002117 0.001469 0.000956 0.000569 0.000294 0.000110 -0.000004
-0.000494 -0.000646 -0.000809 -0.000966 -0.001087 -0.001131 -0.001045 -0.000763 -0.000215 0.000673 0.001965 0.003704 0.005903 0.008528 0.011489 0.014637 0.017762 0.020601 0.022859 0.024229 0.024431 0.023240 0.020522 0.016261 0.010573 0.003713 -0.003948 -0.011943 -0.019753 -0.026860 -0.032793 -0.037177 -0.039768 -0.040472 -0.039350 -0.036605 -0.032550 -0.027574 -0.022096 -0.016523 -0.011214 -0.006457 -0.002447 0.000712 0.003001 0.004473 0.005234 0.005421 0.005179 0.004654 0.003971 0.003233 0.002516 0.001870 0.001323 0.000884 0.000550 0.000308 0.000142
-0.000514 -0.000711 -0.000945 -0.001206 -0.001470 -0.001701 -0.001846 -0.001837 -0.001590 -0.001011 -0.000007 0.001508 0.003593 0.006270 0.009505 0.013195 0.017166 0.021171 0.024901 0.028008 0.030133 0.030944 0.030178 0.027673 0.023401 0.017486 0.010200 0.001951 -0.006753 -0.015349 -0.023275 -0.030023 -0.035186 -0.038499 -0.039855 -0.039312 -0.037068 -0.033441 -0.028820 -0.023627 -0.018272 -0.013114 -0.008441 -0.004450 -0.001251 0.001133 0.002746 0.003682 0.004066 0.004033 0.003714 0.003226 0.002666 0.002102 0.001584 0.001138 0.000776 0.000497 0.000292
-0.000477 -0.000702 -0.000989 -0.001336 -0.001731 -0.002147 -0.002539 -0.002841 -0.002966 -0.002810 -0.002255 -0.001179 0.000525 0.002938 0.006092 0.009953 0.014408 0.019257 0.024214 0.028923 0.032981 0.035976 0.037525 0.037323 0.035180 0.031057 0.025079 0.017538 0.008868 -0.000385 -0.009624 -0.018247 -0.025716 -0.031600 -0.035615 -0.037645 -0.037735 -0.036082 -0.032997 -0.028866 -0.024104 -0.019114 -0.014250 -0.009794 -0.005945 -0.002811 -0.000423 0.001254 0.002303 0.002834 0.002969 0.002826 0.002511 0.002109 0.001687 0.001288 0.000938 0.000650 0.000425
-0.000383 -0.000612 -0.000924 -0.001326 -0.001821 -0.002393 -0.003013 -0.003626 -0.004153 -0.004486 -0.004497 -0.004037 -0.002959 -0.001125 0.001566 0.005161 0.009629 0.014844 0.020582 0.026520 0.032254 0.037328 0.041275 0.043664 0.044147 0.042509 0.038695 0.032834 0.025228 0.016335 0.006727 -0.002968 -0.012123 -0.020178 -0.026682 -0.031339 -0.034020 -0.034763 -0.033755 -0.031296 -0.027758 -0.023544 -0.019043 -0.014596 -0.010477 -0.006877 -0.003908 -0.001603 0.000064 0.001161 0.001785 0.002043 0.002039 0.001865 0.001599 0.001299 0.001004 0.000741 0.000520
-0.000239 -0.000446 -0.000748 -0.001165 -0.001710 -0.002387 -0.003184 -0.004066 -0.004969 -0.005797 -0.006423 -0.006690 -0.006420 -0.005430 -0.003555 -0.000666 0.003298 0.008309 0.014235 0.020825 0.027722 0.034476 0.040581 0.045518 0.048809 0.050071 0.049060 0.045710 0.040144 0.032676 0.023778 0.014038 0.004103 -0.005385 -0.013851 -0.020834 -0.026030 -0.029301 -0.030674 -0.030322 -0.028530 -0.025652 -0.022067 -0.018144 -0.014208 -0.010519 -0.007259 -0.004536 -0.002389 -0.000801 0.000285 0.000950 0.001285 0.001380 0.001315 0.001158 0.000958 0.000751 0.000560
-0.000060 -0.000220 -0.000478 -0.000862 -0.001400 -0.002112 -0.003007 -0.004075 -0.005277 -0.006540 -0.007752 -0.008763 -0.009385 -0.009409 -0.008618 -0.006812 -0.003837 0.000387 0.005838 0.012376 0.019729 0.027508 0.035221 0.042317 0.048230 0.052444 0.054539 0.054250 0.051496 0.046397 0.039268 0.030587 0.020950 0.011011 0.001416 -0.007256 -0.014545 -0.020141 -0.023899 -0.025838 -0.026112 -0.024986 -0.022787 -0.019870 -0.016578 -0.013211 -0.010012 -0.007153 -0.004738 -0.002807 -0.001352 -0.000328 0.000332 0.000703 0.000860 0.000873 0.000796 0.000674 0.000537
0.000130 0.000037 -0.000146 -0.000453 -0.000922 -0.001591 -0.002489 -0.003632 -0.005011 -0.006586 -0.008275 -0.009949 -0.011435 -0.012515 -0.012944 -0.012471 -0.010861 -0.007932 -0.003586 0.002164 0.009171 0.017149 0.025679 0.034235 0.042226 0.049050 0.054154 0.057094 0.057584 0.055531 0.051047 0.044444 0.036198 0.026900 0.017199 0.007733 -0.000926 -0.008324 -0.014153 -0.018265 -0.020667 -0.021497 -0.020992 -0.019452 -0.017199 -0.014547 -0.011770 -0.009089 -0.006663 -0.004590 -0.002913 -0.001628 -0.000704 -0.000086 0.000286 0.000475 0.000535 0.000515 0.000449
0.000308 0.000293 0.000207 0.000013 -0.000335 -0.000886 -0.001687 -0.002780 -0.004189 -0.005909 -0.007898 -0.010067 -0.012270 -0.014310 -0.015940 -0.016880 -0.016843 -0.015562 -0.012825 -0.008514 -0.002633 0.004669 0.013092 0.022196 0.031427 0.040166 0.047782 0.053698 0.057449 0.058734 0.057449 0.053698 0.047782 0.040166 0.031427 0.022196 0.013092 0.004669 -0.002633 -0.008514 -0.012825 -0.015562 -0.016843 -0.016880 -0.015940 -0.014310 -0.012270 -0.010067 -0.007898 -0.005909 -0.004189 -0.002780 -0.001687 -0.000886 -0.000335 0.000013 0.000207 0.000293 0.000308
0.000449 0.000515 0.000535 0.000475 0.000286 -0.000086 -0.000704 -0.001628 -0.002913 -0.004590 -0.006663 -0.009089 -0.011770 -0.014547 -0.017199 -0.019452 -0.020992 -0.021497 -0.020667 -0.018265 -0.014153 -0.008324 -0.000926 0.007733 0.017199 0.026900 0.036198 0.044444 0.051047 0.055531 0.057584 0.057094 0.054154 0.049050 0.042226 0.034235 0.025679 0.017149 0.009171 0.002164 -0.003586 -0.007932 -0.010861 -0.012471 -0.012944 -0.012515 -0.011435 -0.009949 -0.008275 -0.006586 -0.005011 -0.003632 -0.002489 -0.001591 -0.000922 -0.000453 -0.000146 0.000037 0.000130
0.000537 0.000674 0.000796 0.000873 0.000860 0.000703 0.000332 -0.000328 -0.001352 -0.002807 -0.004738 -0.007153 -0.010012 -0.013211 -0.016578 -0.019870 -0.022787 -0.024986 -0.026112 -0.025838 -0.023899 -0.020141 -0.014545 -0.007256 0.001416 0.011011 0.020950 0.030587 0.039268 0.046397 0.051496 0.054250 0.054539 0.052444 0.048230 0.042317 0.035221 0.027508 0.019729 0.012376 0.005838 0.000387 -0.003837 -0.006812 -0.008618 -0.009409 -0.009385 -0.008763 -0.007752 -0.006540 -0.005277 -0.004075 -0.003007 -0.002112 -0.001400 -0.000862 -0.000478 -0.000220 -0.000060
0.000560 0.000751 0.000958 0.001158 0.001315 0.001380 0.001285 0.000950 0.000285 -0.000801 -0.002389 -0.004536 -0.007259 -0.010519 -0.014208 -0.018144 -0.022067 -0.025652 -0.028530 -0.030322 -0.030674 -0.029301 -0.026030 -0.020834 -0.013851 -0.005385 0.004103 0.014038 0.023778 0.032676 0.040144 0.045710 0.049060 0.050071 0.048809 0.045518 0.040581 0.034476 0.027722 0.020825 0.014235 0.008309 0.003298 -0.000666 -0.003555 -0.005430 -0.006420 -0.006690 -0.006423 -0.005797 -0.004969 -0.004066 -0.003184 -0.002387 -0.001710 -0.001165 -0.000748 -0.000446 -0.000239
0.000520 0.000741 0.001004 0.001299 0.001599 0.001865 0.002039 0.002043 0.001785 0.001161 0.000064 -0.001603 -0.003908 -0.006877 -0.010477 -0.014596 -0.019043 -0.023544 -0.027758 -0.031296 -0.033755 -0.034763 -0.034020 -0.031339 -0.026682 -0.020178 -0.012123 -0.002968 0.006727 0.016335 0.025228 0.032834 0.038695 0.042509 0.044147 0.043664 0.041275 0.037328 0.032254 0.026520 0.020582 0.014844 0.009629 0.005161 0.001566 -0.001125 -0.002959 -0.004037 -0.004497 -0.004486 -0.004153 -0.003626 -0.003013 -0.002393 -0.001821 -0.001326 -0.000924 -0.000612 -0.000383
0.000425 0.000650 0.000938 0.001288 0.001687 0.002109 0.002511 0.002826 0.002969 0.002834 0.002303 0.001254 -0.000423 -0.002811 -0.005945 -0.009794 -0.014250 -0.019114 -0.024104 -0.028866 -0.032997 -0.036082 -0.037735 -0.037645 -0.035615 -0.031600 -0.025716 -0.018247 -0.009624 -0.000385 0.008868 0.017538 0.025079 0.031057 0.035180 0.037323 0.037525 0.035976 0.032981 0.028923 0.024214 0.019257 0.014408 0.009953 0.006092 0.002938 0.000525 -0.001179 -0.002255 -0.002810 -0.002966 -0.002841 -0.002539 -0.002147 -0.001731 -0.001336 -0.000989 -0.000702 -0.000477
0.000292 0.000497 0.000776 0.001138 0.001584 0.002102 0.002666 0.003226 0.003714 0.004033 0.004066 0.003682 0.002746 0.001133 -0.001251 -0.004450 -0.008441 -0.013114 -0.018272 -0.023627 -0.028820 -0.033441 -0.037068 -0.039312 -0.039855 -0.038499 -0.035186 -0.030023 -0.023275 -0.015349 -0.006753 0.001951 0.010200 0.017486 0.023401 0.027673 0.030178 0.030944 0.030133 0.028008 0.024901 0.021171 0.017166 0.013195 0.009505 0.006270 0.003593 0.001508 -0.000007 -0.001011 -0.001590 -0.001837 -0.001846 -0.001701 -0.001470 -0.001206 -0.000945 -0.000711 -0.000514
0.000142 0.000308 0.000550 0.000884 0.001323 0.001870 0.002516 0.003233 0.003971 0.004654 0.005179 0.005421 0.005234 0.004473 0.003001 0.000712 -0.002447 -0.006457 -0.011214 -0.016523 -0.022096 -0.027574 -0.032550 -0.036605 -0.039350 -0.040472 -0.039768 -0.037177 -0.032793 -0.026860 -0.019753 -0.011943 -0.003948 0.003713 0.010573 0.016261 0.020522 0.023240 0.024431 0.024229 0.022859 0.020601 0.017762 0.014637 0.011489 0.008528 0.005903 0.003704 0.001965 0.000673 -0.000215 -0.000763 -0.001045 -0.001131 -0.001087 -0.000966 -0.000809 -0.000646 -0.000494
-0.000004 0.000110 0.000294 0.000569 0.000956 0.001469 0.002117 0.002892 0.003766 0.004690 0.005582 0.006334 0.006813 0.006864 0.006331 0.005068 0.002960 -0.000053 -0.003960 -0.008663 -0.013970 -0.019603 -0.025208 -0.030387 -0.034731 -0.037863 -0.039475 -0.039370 -0.037483 -0.033893 -0.028823 -0.022611 -0.015686 -0.008518 -0.001575 0.004723 0.010039 0.014145 0.016930 0.018402 0.018669 0.017917 0.016382 0.014316 0.011969 0.009557 0.007257 0.005195 0.003447 0.002046 0.000987 0.000238 -0.000248 -0.000524 -0.000645 -0.000660 -0.000609 -0.000524 -0.000427
-0.000130 -0.000071 0.000045 0.000241 0.000542 0.000973 0.001553 0.002293 0.003189 0.004216 0.005321 0.006423 0.007409 0.008138 0.008452 0.008186 0.007187 0.005334 0.002559 -0.001132 -0.005649 -0.010809 -0.016344 -0.021914 -0.027139 -0.031625 -0.035012 -0.037008 -0.037422 -0.036186 -0.033369 -0.029165 -0.023880 -0.017892 -0.011622 -0.005484 0.000151 0.004984 0.008812 0.011533 0.013149 0.013743 0.013468 0.012514 0.011090 0.009398 0.007616 0.005890 0.004322 0.002979 0.001889 0.001051 0.000446 0.000040 -0.000207 -0.000334 -0.000378 -0.000368 -0.000327
-0.000221 -0.000215 -0.000168 -0.000058 0.000141 0.000457 0.000919 0.001552 0.002369 0.003371 0.004532 0.005803 0.007099 0.008308 0.009285 0.009868 0.009888 0.009189 0.007644 0.005182 0.001802 -0.002414 -0.007296 -0.012590 -0.017976 -0.023095 -0.027578 -0.031088 -0.033349 -0.034183 -0.033523 -0.031423 -0.028054 -0.023682 -0.018640 -0.013293 -0.008002 -0.003090 0.001183 0.004640 0.007191 0.008829 0.009619 0.009683 0.009172 0.008254 0.007091 0.005825 0.004575 0.003423 0.002425 0.001605 0.000966 0.000497 0.000173 -0.000033 -0.000150 -0.000202 -0.000213
-0.000274 -0.000310 -0.000323 -0.000295 -0.000200 -0.000011 0.000307 0.000784 0.001449 0.002322 0.003403 0.004672 0.006078 0.007541 0.008946 0.010150 0.010988 0.011293 0.010906 0.009701 0.007602 0.004602 0.000775 -0.003722 -0.008655 -0.013727 -0.018607 -0.022954 -0.026459 -0.028868 -0.030015 -0.029837 -0.028377 -0.025779 -0.022272 -0.018141 -0.013700 -0.009258 -0.005089 -0.001414 0.001613 0.003913 0.005476 0.006351 0.006631 0.006436 0.005896 0.005140 0.004280 0.003408 0.002591 0.001874 0.001278 0.000808 0.000457 0.000210 0.000048 -0.000050 -0.000100
-0.000288 -0.000353 -0.000413 -0.000451 -0.000449 -0.000380 -0.000212 0.000091 0.000564 0.001239 0.002138 0.003267 0.004606 0.006110 0.007698 0.009258 0.010650 0.011713 0.012280 0.012196 0.011336 0.009623 0.007046 0.003669 -0.000367 -0.004849 -0.009506 -0.014038 -0.018138 -0.021525 -0.023971 -0.025325 -0.025528 -0.024612 -0.022698 -0.019978 -0.016693 -0.013106 -0.009475 -0.006032 -0.002960 -0.000390 0.001611 0.003029 0.003901 0.004296 0.004307 0.004034 0.003576 0.003019 0.002436 0.001878 0.001381 0.000962 0.000629 0.000376 0.000195 0.000073 -0.000003
-0.000270 -0.000351 -0.000439 -0.000525 -0.000594 -0.000626 -0.000591 -0.000456 -0.000184 0.000265 0.000924 0.001820 0.002959 0.004328 0.005881 0.007544 0.009208 0.010738 0.011978 0.012768 0.012958 0.012426 0.011097 0.008957 0.006059 0.002529 -0.001443 -0.005615 -0.009720 -0.013486 -0.016662 -0.019049 -0.020511 -0.020992 -0.020518 -0.019186 -0.017155 -0.014624 -0.011810 -0.008926 -0.006161 -0.003666 -0.001550 0.000131 0.001363 0.002170 0.002603 0.002733 0.002635 0.002384 0.002044 0.001671 0.001305 0.000972 0.000689 0.000460 0.000285 0.000157 0.000069
-0.000228 -0.000312 -0.000412 -0.000525 -0.000640 -0.000743 -0.000813 -0.000820 -0.000730 -0.000503 -0.000098 0.000522 0.001383 0.002496 0.003850 0.005404 0.007087 0.008797 0.010405 0.011766 0.012727 0.013146 0.012907 0.011939 0.010224 0.007807 0.004799 0.001364 -0.002285 -0.005915 -0.009286 -0.012183 -0.014432 -0.015914 -0.016578 -0.016443 -0.015585 -0.014135 -0.012252 -0.010112 -0.007887 -0.005730 -0.003763 -0.002072 -0.000707 0.000320 0.001024 0.001443 0.001628 0.001634 0.001517 0.001325 0.001098 0.000868 0.000654 0.000469 0.000317 0.000200 0.000113
-0.000175 -0.000251 -0.000348 -0.000467 -0.000604 -0.000749 -0.000888 -0.000999 -0.001053 -0.001015 -0.000843 -0.000498 0.000060 0.000858 0.001911 0.003208 0.004714 0.006363 0.008061 0.009688 0.011109 0.012182 0.012775 0.012783 0.012135 0.010814 0.008858 0.006358 0.003459 0.000342 -0.002790 -0.005736 -0.008309 -0.010361 -0.011791 -0.012554 -0.012660 -0.012171 -0.011190 -0.009842 -0.008269 -0.006605 -0.004972 -0.003466 -0.002157 -0.001085 -0.000261 0.000325 0.000697 0.000893 0.000953 0.000916 0.000819 0.000690 0.000552 0.000420 0.000303 0.000206 0.000130
-0.000118 -0.000180 -0.000265 -0.000375 -0.000511 -0.000669 -0.000842 -0.001015 -0.001168 -0.001270 -0.001288 -0.001180 -0.000906 -0.000426 0.000287 0.001249 0.002454 0.003869 0.005436 0.007069 0.008658 0.010079 0.011205 0.011916 0.012115 0.011738 0.010766 0.009229 0.007207 0.004819 0.002220 -0.000421 -0.002933 -0.005160 -0.006978 -0.008302 -0.009091 -0.009354 -0.009136 -0.008516 -0.007595 -0.006479 -0.005275 -0.004076 -0.002959 -0.001977 -0.001161 -0.000524 -0.000058 0.000252 0.000433 0.000513 0.000520 0.000479 0.000411 0.000333 0.000255 0.000184 0.000125
-0.000068 -0.000112 -0.000178 -0.000269 -0.000388 -0.000537 -0.000714 -0.000911 -0.001115 -0.001305 -0.001454 -0.001527 -0.001485 -0.001287 -0.000897 -0.000284 0.000567 0.001651 0.002942 0.004387 0.005909 0.007411 0.008781 0.009906 0.010679 0.011013 0.010852 0.010176 0.009009 0.007416 0.005498 0.003381 0.001207 -0.000883 -0.002762 -0.004327 -0.005508 -0.006270 -0.006618 -0.006585 -0.006232 -0.005634 -0.004874 -0.004033 -0.003182 -0.002379 -0.001665 -0.001065 -0.000588 -0.000233 0.000012 0.000165 0.000245 0.000271 0.000261 0.000230 0.000188 0.000144 0.000104
-0.000027 -0.000055 -0.000099 -0.000166 -0.000260 -0.000385 -0.000543 -0.000733 -0.000949 -0.001177 -0.001399 -0.001588 -0.001711 -0.001732 -0.001612 -0.001313 -0.000809 -0.000082 0.000864 0.002007 0.003302 0.004680 0.006057 0.007334 0.008412 0.009198 0.009616 0.009616 0.009180 0.008327 0.007108 0.005606 0.003924 0.002177 0.000479 -0.001067 -0.002377 -0.003395 -0.004092 -0.004469 -0.004551 -0.004382 -0.004020 -0.003526 -0.002960 -0.002377 -0.001818 -0.001315 -0.000888 -0.000544 -0.000283 -0.000098 0.000022 0.000092 0.000123 0.000128 0.000117 0.000097 0.000074
0.000000 -0.000012 -0.000037 -0.000079 -0.000145 -0.000238 -0.000365 -0.000527 -0.000724 -0.000950 -0.001195 -0.001439 -0.001660 -0.001826 -0.001903 -0.001854 -0.001645 -0.001248 -0.000650 0.000151 0.001135 0.002262 0.003476 0.004702 0.005856 0.006853 0.007612 0.008069 0.008181 0.007931 0.007333 0.006429 0.005284 0.003981 0.002612 0.001266 0.000027 -0.001040 -0.001889 -0.002498 -0.002864 -0.003007 -0.002958 -0.002759 -0.002455 -0.002090 -0.001704 -0.001328 -0.000986 -0.000691 -0.000452 -0.000267 -0.000134 -0.000043 0.000012 0.000041 0.000051 0.000050 0.000042
0.000015 0.000015 0.000006 -0.000015 -0.000053 -0.000115 -0.000205 -0.000328 -0.000489 -0.000686 -0.000915 -0.001167 -0.001425 -0.001666 -0.001864 -0.001986 -0.001998 -0.001870 -0.001575 -0.001100 -0.000444 0.000379 0.001335 0.002376 0.003438 0.004451 0.005343 0.006046 0.006506 0.006687 0.006575 0.006178 0.005530 0.004682 0.003699 0.002652 0.001613 0.000645 -0.000200 -0.000887 -0.001397 -0.001728 -0.001892 -0.001913 -0.001820 -0.001645 -0.001421 -0.001176 -0.000932 -0.000707 -0.000511 -0.000349 -0.000223 -0.000130 -0.000066 -0.000025 -0.000001 0.000010 0.000012
0.000020 0.000027 0.000030 0.000025 0.000009 -0.000023 -0.000078 -0.000161 -0.000278 -0.000431 -0.000622 -0.000846 -0.001096 -0.001356 -0.001607 -0.001825 -0.001979 -0.002040 -0.001980 -0.001776 -0.001414 -0.000892 -0.000223 0.000566 0.001435 0.002331 0.003197 0.003971 0.004600 0.005037 0.005253 0.005235 0.004990 0.004544 0.003935 0.003213 0.002434 0.001652 0.000916 0.000265 -0.000274 -0.000685 -0.000967 -0.001127 -0.001182 -0.001153 -0.001062 -0.000932 -0.000783 -0.000631 -0.000488 -0.000362 -0.000256 -0.000173 -0.000111 -0.000067 -0.000038 -0.000021 -0.000011
0.000018 0.000028 0.000038 0.000045 0.000045 0.000035 0.000009 -0.000038 -0.000112 -0.000218 -0.000359 -0.000537 -0.000750 -0.000988 -0.001242 -0.001491 -0.001716 -0.001889 -0.001985 -0.001979 -0.001850 -0.001587 -0.001186 -0.000657 -0.000022 0.000685 0.001423 0.002143 0.002797 0.003341 0.003737 0.003962 0.004005 0.003870 0.003576 0.003154 0.002640 0.002076 0.001503 0.000958 0.000471 0.000061 -0.000259 -0.000488 -0.000630 -0.000696 -0.000701 -0.000661 -0.000591 -0.000505 -0.000413 -0.000326 -0.000248 -0.000182 -0.000129 -0.000089 -0.000060 -0.000040 -0.000028
0.000011 0.000022 0.000035 0.000048 0.000058 0.000063 0.000059 0.000041 0.000003 -0.000060 -0.000152 -0.000279 -0.000440 -0.000634 -0.000855 -0.001092 -0.001331 -0.001551 -0.001732 -0.001849 -0.001882 -0.001813 -0.001631 -0.001333 -0.000927 -0.000429 0.000133 0.000725 0.001310 0.001848 0.002305 0.002650 0.002866 0.002942 0.002883 0.002701 0.002418 0.002064 0.001668 0.001260 0.000868 0.000513 0.000211 -0.000030 -0.000207 -0.000325 -0.000389 -0.000410 -0.000398 -0.000363 -0.000316 -0.000264 -0.000213 -0.000166 -0.000126 -0.000094 -0.000069 -0.000050 -0.000038
0.000002 0.000012 0.000025 0.000040 0.000055 0.000068 0.000078 0.000080 0.000069 0.000041 -0.000010 -0.000087 -0.000196 -0.000337 -0.000509 -0.000707 -0.000923 -0.001142 -0.001350 -0.001526 -0.001653 -0.001711 -0.001686 -0.001568 -0.001355 -0.001052 -0.000672 -0.000236 0.000228 0.000691 0.001123 0.001496 0.001787 0.001982 0.002073 0.002061 0.001957 0.001777 0.001541 0.001272 0.000990 0.000716 0.000465 0.000249 0.000074 -0.000059 -0.000150 -0.000205 -0.000230 -0.000232 -0.000218 -0.000195 -0.000167 -0.000138 -0.000111 -0.000087 -0.000068 -0.000053 -0.000042
-0.000007 0.000002 0.000013 0.000026 0.000042 0.000059 0.000075 0.000089 0.000095 0.000092 0.000073 0.000035 -0.000028 -0.000118 -0.000238 -0.000385 -0.000557 -0.000746 -0.000941 -0.001129 -0.001294 -0.001420 -0.001492 -0.001497 -0.001428 -0.001281 -0.001061 -0.000779 -0.000449 -0.000094 0.000265 0.000603 0.000900 0.001138 0.001305 0.001396 0.001413 0.001361 0.001252 0.001101 0.000924 0.000735 0.000549 0.000377 0.000227 0.000104 0.000009 -0.000059 -0.000103 -0.000126 -0.000134 -0.000130 -0.000120 -0.000105 -0.000090 -0.000075 -0.000062 -0.000051 -0.000042
-0.000015 -0.000008 0.000000 0.000012 0.000026 0.000042 0.000060 0.000078 0.000094 0.000105 0.000108 0.000098 0.000070 0.000022 -0.000050 -0.000148 -0.000270 -0.000415 -0.000576 -0.000744 -0.000909 -0.001056 -0.001175 -0.001251 -0.001274 -0.001239 -0.001143 -0.000989 -0.000784 -0.000541 -0.000275 -0.000004 0.000254 0.000484 0.000673 0.000812 0.000896 0.000926 0.000906 0.000845 0.000753 0.000640 0.000518 0.000396 0.000281 0.000181 0.000097 0.000031 -0.000018 -0.000050 -0.000069 -0.000078 -0.000079 -0.000075 -0.000068 -0.000061 -0.000053 -0.000045 -0.000039
-0.000020 -0.000016 -0.000010 -0.000002 0.000009 0.000023 0.000039 0.000058 0.000077 0.000094 0.000109 0.000116 0.000113 0.000096 0.000061 0.000005 -0.000072 -0.000171 -0.000290 -0.000423 -0.000563 -0.000702 -0.000830 -0.000935 -0.001009 -0.001042 -0.001030 -0.000970 -0.000866 -0.000721 -0.000546 -0.000352 -0.000152 0.000040 0.000214 0.000360 0.000470 0.000543 0.000577 0.000576 0.000545 0.000492 0.000423 0.000346 0.000269 0.000195 0.000129 0.000074 0.000030 -0.000003 -0.000026 -0.000040 -0.000048 -0.000051 -0.000050 -0.000047 -0.000043 -0.000040 -0.000036
-0.000024 -0.000022 -0.000018 -0.000013 -0.000005 0.000005 0.000018 0.000034 0.000052 0.000071 0.000090 0.000106 0.000117 0.000119 0.000110 0.000086 0.000045 -0.000014 -0.000091 -0.000185 -0.000292 -0.000406 -0.000520 -0.000627 -0.000717 -0.000784 -0.000820 -0.000822 -0.000788 -0.000720 -0.000621 -0.000498 -0.000360 -0.000216 -0.000076 0.000052 0.000161 0.000247 0.000306 0.000338 0.000346 0.000334 0.000305 0.000265 0.000219 0.000171 0.000125 0.000084 0.000048 0.000020 -0.000002 -0.000017 -0.000027 -0.000033 -0.000036 -0.000036 -0.000036 -0.000034 -0.000032
-0.000026 -0.000025 -0.000023 -0.000020 -0.000015 -0.000009 0.000001 0.000013 0.000027 0.000044 0.000063 0.000081 0.000098 0.000110 0.000117 0.000114 0.000099 0.000070 0.000027 -0.000032 -0.000104 -0.000188 -0.000278 -0.000369 -0.000455 -0.000530 -0.000587 -0.000623 -0.000632 -0.000616 -0.000573 -0.000507 -0.000423 -0.000327 -0.000226 -0.000127 -0.000035 0.000045 0.000109 0.000155 0.000183 0.000194 0.000191 0.000177 0.000156 0.000129 0.000101 0.000073 0.000048 0.000026 0.000008 -0.000006 -0.000016 -0.000022 -0.000026 -0.000029 -0.000030 -0.000029 -0.000029
