-0.000038 -0.000067 -0.000085 -0.000008 0.000196 0.000328 0.000029 -0.000700 -0.001137 -0.000508 0.000854 0.001575 0.000854 -0.000508 -0.001137 -0.000700 0.000029 0.000328 0.000196 -0.000008 -0.000085 -0.000067 -0.000038
-0.000046 -0.000111 -0.000151 0.000020 0.000472 0.000763 0.000101 -0.001509 -0.002475 -0.001085 0.001925 0.003519 0.001925 -0.001085 -0.002475 -0.001509 0.000101 0.000763 0.000472 0.000020 -0.000151 -0.000111 -0.000046
-0.000062 -0.000195 -0.000276 0.000073 0.000999 0.001596 0.000239 -0.003060 -0.005041 -0.002191 0.003978 0.007245 0.003978 -0.002191 -0.005041 -0.003060 0.000239 0.001596 0.000999 0.000073 -0.000276 -0.000195 -0.000062
-0.000089 -0.000342 -0.000497 0.000167 0.001927 0.003061 0.000483 -0.005786 -0.009551 -0.004135 0.007587 0.013796 0.007587 -0.004135 -0.009551 -0.005786 0.000483 0.003061 0.001927 0.000167 -0.000497 -0.000342 -0.000089
-0.000134 -0.000579 -0.000852 0.000317 0.003419 0.005418 0.000875 -0.010173 -0.016807 -0.007263 0.013394 0.024335 0.013394 -0.007263 -0.016807 -0.010173 0.000875 0.005418 0.003419 0.000317 -0.000852 -0.000579 -0.000134
-0.000198 -0.000926 -0.001372 0.000538 0.005607 0.008872 0.001449 -0.016602 -0.027442 -0.011847 0.021905 0.039781 0.021905 -0.011847 -0.027442 -0.016602 0.001449 0.008872 0.005607 0.000538 -0.001372 -0.000926 -0.000198
-0.000285 -0.001387 -0.002063 0.000831 0.008511 0.013458 0.002211 -0.025137 -0.041560 -0.017933 0.033203 0.060286 0.033203 -0.017933 -0.041560 -0.025137 0.002211 0.013458 0.008511 0.000831 -0.002063 -0.001387 -0.000285
-0.000387 -0.001936 -0.002885 0.001180 0.011969 0.018919 0.003119 -0.035300 -0.058372 -0.025180 0.046657 0.084704 0.046657 -0.025180 -0.058372 -0.035300 0.003119 0.018919 0.011969 0.001180 -0.002885 -0.001936 -0.000387
-0.000495 -0.002512 -0.003749 0.001547 0.015600 0.024654 0.004072 -0.045974 -0.076027 -0.032791 0.060786 0.110347 0.060786 -0.032791 -0.076027 -0.045974 0.004072 0.024654 0.015600 0.001547 -0.003749 -0.002512 -0.000495
-0.000591 -0.003028 -0.004521 0.001875 0.018849 0.029785 0.004925 -0.055523 -0.091822 -0.039600 0.073426 0.133290 0.073426 -0.039600 -0.091822 -0.055523 0.004925 0.029785 0.018849 0.001875 -0.004521 -0.003028 -0.000591
-0.000659 -0.003387 -0.005060 0.002103 0.021114 0.033362 0.005520 -0.062180 -0.102835 -0.044347 0.082239 0.149285 0.082239 -0.044347 -0.102835 -0.062180 0.005520 0.033362 0.021114 0.002103 -0.005060 -0.003387 -0.000659
-0.000683 -0.003516 -0.005254 0.002186 0.021928 0.034647 0.005734 -0.064573 -0.106792 -0.046053 0.085406 0.155032 0.085406 -0.046053 -0.106792 -0.064573 0.005734 0.034647 0.021928 0.002186 -0.005254 -0.003516 -0.000683
-0.000659 -0.003387 -0.005060 0.002103 0.021114 0.033362 0.005520 -0.062180 -0.102835 -0.044347 0.082239 0.149285 0.082239 -0.044347 -0.102835 -0.062180 0.005520 0.033362 0.021114 0.002103 -0.005060 -0.003387 -0.000659
-0.000591 -0.003028 -0.004521 0.001875 0.018849 0.029785 0.004925 -0.055523 -0.091822 -0.039600 0.073426 0.133290 0.073426 -0.039600 -0.091822 -0.055523 0.004925 0.029785 0.018849 0.001875 -0.004521 -0.003028 -0.000591
-0.000495 -0.002512 -0.003749 0.001547 0.015600 0.024654 0.004072 -0.045974 -0.076027 -0.032791 0.060786 0.110347 0.060786 -0.032791 -0.076027 -0.045974 0.004072 0.024654 0.015600 0.001547 -0.003749 -0.002512 -0.000495
-0.000387 -0.001936 -0.002885 0.001180 0.011969 0.018919 0.003119 -0.035300 -0.058372 -0.025180 0.046657 0.084704 0.046657 -0.025180 -0.058372 -0.035300 0.003119 0.018919 0.011969 0.001180 -0.002885 -0.001936 -0.000387
-0.000285 -0.001387 -0.002063 0.000831 0.008511 0.013458 0.002211 -0.025137 -0.041560 -0.017933 0.033203 0.060286 0.033203 -0.017933 -0.041560 -0.025137 0.002211 0.013458 0.008511 0.000831 -0.002063 -0.001387 -0.000285
-0.000198 -0.000926 -0.001372 0.000538 0.005607 0.008872 0.001449 -0.016602 -0.027442 -0.011847 0.021905 0.039781 0.021905 -0.011847 -0.027442 -0.016602 0.001449 0.008872 0.005607 0.000538 -0.001372 -0.000926 -0.000198
-0.000134 -0.000579 -0.000852 0.000317 0.003419 0.005418 0.000875 -0.010173 -0.016807 -0.007263 0.013394 0.024335 0.013394 -0.007263 -0.016807 -0.010173 0.000875 0.005418 0.003419 0.000317 -0.000852 -0.000579 -0.000134
-0.000089 -0.000342 -0.000497 0.000167 0.001927 0.003061 0.000483 -0.005786 -0.009551 -0.004135 0.007587 0.013796 0.007587 -0.004135 -0.009551 -0.005786 0.000483 0.003061 0.001927 0.000167 -0.000497 -0.000342 -0.000089
-0.000062 -0.000195 -0.000276 0.000073 0.000999 0.001596 0.000239 -0.003060 -0.005041 -0.002191 0.003978 0.007245 0.003978 -0.002191 -0.005041 -0.003060 0.000239 0.001596 0.000999 0.000073 -0.000276 -0.000195 -0.000062
-0.000046 -0.000111 -0.000151 0.000020 0.000472 0.000763 0.000101 -0.001509 -0.002475 -0.001085 0.001925 0.003519 0.001925 -0.001085 -0.002475 -0.001509 0.000101 0.000763 0.000472 0.000020 -0.000151 -0.000111 -0.000046
-0.000038 -0.000067 -0.000085 -0.000008 0.000196 0.000328 0.000029 -0.000700 -0.001137 -0.000508 0.000854 0.001575 0.000854 -0.000508 -0.001137 -0.000700 0.000029 0.000328 0.000196 -0.000008 -0.000085 -0.000067 -0.000038
