-5.1403e-006 1.8719e-005 8.7861e-005 0.00024565 0.00052443 0.00089287 0.001226 0.0013624 0.001226 0.00089287 0.00052443 0.00024565 8.7861e-005 1.8719e-005 -5.1403e-006
-3.7056e-005 -0.00010521 -0.00030274 -0.00075349 -0.0015499 -0.0026025 -0.0035542 -0.0039437 -0.0035542 -0.0026025 -0.0015499 -0.00075349 -0.00030274 -0.00010521 -3.7056e-005
2.3672e-005 0.0001306 0.00044048 0.0011476 0.0023971 0.0040483 0.0055415 0.0061525 0.0055415 0.0040483 0.0023971 0.0011476 0.00044048 0.0001306 2.3672e-005
9.9275e-007 4.2534e-005 0.00016292 0.00043764 0.00092304 0.0015645 0.0021446 0.002382 0.0021446 0.0015645 0.00092304 0.00043764 0.00016292 4.2534e-005 9.9275e-007
-0.00026593 -0.00099395 -0.0031037 -0.0079184 -0.016425 -0.027668 -0.037834 -0.041994 -0.037834 -0.027668 -0.016425 -0.0079184 -0.0031037 -0.00099395 -0.00026593
0.00072634 0.0028592 0.00904 0.023145 0.048067 0.081003 0.11079 0.12297 0.11079 0.081003 0.048067 0.023145 0.00904 0.0028592 0.00072634
-0.0013103 -0.0050495 -0.015885 -0.040614 -0.084304 -0.14205 -0.19426 -0.21563 -0.19426 -0.14205 -0.084304 -0.040614 -0.015885 -0.0050495 -0.0013103
0.0015369 0.0060068 0.01896 0.048521 0.10075 0.16978 0.2322 0.25774 0.2322 0.16978 0.10075 0.048521 0.01896 0.0060068 0.0015369
-0.0013103 -0.0050495 -0.015885 -0.040614 -0.084304 -0.14205 -0.19426 -0.21563 -0.19426 -0.14205 -0.084304 -0.040614 -0.015885 -0.0050495 -0.0013103
0.00072634 0.0028592 0.00904 0.023145 0.048067 0.081003 0.11079 0.12297 0.11079 0.081003 0.048067 0.023145 0.00904 0.0028592 0.00072634
-0.00026593 -0.00099395 -0.0031037 -0.0079184 -0.016425 -0.027668 -0.037834 -0.041994 -0.037834 -0.027668 -0.016425 -0.0079184 -0.0031037 -0.00099395 -0.00026593
9.9275e-007 4.2534e-005 0.00016292 0.00043764 0.00092304 0.0015645 0.0021446 0.002382 0.0021446 0.0015645 0.00092304 0.00043764 0.00016292 4.2534e-005 9.9275e-007
2.3672e-005 0.0001306 0.00044048 0.0011476 0.0023971 0.0040483 0.0055415 0.0061525 0.0055415 0.0040483 0.0023971 0.0011476 0.00044048 0.0001306 2.3672e-005
-3.7056e-005 -0.00010521 -0.00030274 -0.00075349 -0.0015499 -0.0026025 -0.0035542 -0.0039437 -0.0035542 -0.0026025 -0.0015499 -0.00075349 -0.00030274 -0.00010521 -3.7056e-005
-5.1403e-006 1.8719e-005 8.7861e-005 0.00024565 0.00052443 0.00089287 0.001226 0.0013624 0.001226 0.00089287 0.00052443 0.00024565 8.7861e-005 1.8719e-005 -5.1403e-006
