-1.8176e-006 1.1989e-005 -6.1234e-006 1.6752e-005 -1.0901e-005 2.0791e-005 -1.3067e-005 1.9518e-005 -6.3429e-006 4.9292e-006 1.8805e-005 -3.3552e-005 7.3183e-005 -0.00010583 0.00016443 -0.00021579 0.00029125 -0.00035584 0.00043916 -0.00050474 0.00058112 -0.0006314 0.00068446 -0.00070455 0.00072237 -0.00070455 0.00068446 -0.0006314 0.00058112 -0.00050474 0.00043916 -0.00035584 0.00029125 -0.00021579 0.00016443 -0.00010583 7.3183e-005 -3.3552e-005 1.8805e-005 4.9292e-006 -6.3429e-006 1.9518e-005 -1.3067e-005 2.0791e-005 -1.0901e-005 1.6752e-005 -6.1234e-006 1.1989e-005 -1.8176e-006
-4.5048e-006 1.5586e-005 -1.0771e-005 2.2518e-005 -1.7723e-005 2.8395e-005 -2.0875e-005 2.6543e-005 -1.109e-005 5.3132e-006 2.5506e-005 -5.0684e-005 0.00010464 -0.00015587 0.00023742 -0.00031588 0.00042196 -0.00051969 0.00063721 -0.00073637 0.00084378 -0.00092068 0.00099417 -0.0010271 0.0010493 -0.0010271 0.00099417 -0.00092068 0.00084378 -0.00073637 0.00063721 -0.00051969 0.00042196 -0.00031588 0.00023742 -0.00015587 0.00010464 -5.0684e-005 2.5506e-005 5.3132e-006 -1.109e-005 2.6543e-005 -2.0875e-005 2.8395e-005 -1.7723e-005 2.2518e-005 -1.0771e-005 1.5586e-005 -4.5048e-006
-8.2172e-006 2.0556e-005 -1.7191e-005 3.0484e-005 -2.7147e-005 3.89e-005 -3.1662e-005 3.6248e-005 -1.7648e-005 5.8438e-006 3.4763e-005 -7.4354e-005 0.00014809 -0.00022499 0.00033826 -0.00045416 0.00060256 -0.00074604 0.00091083 -0.0010564 0.0012067 -0.0013203 0.0014221 -0.0014728 0.0015011 -0.0014728 0.0014221 -0.0013203 0.0012067 -0.0010564 0.00091083 -0.00074604 0.00060256 -0.00045416 0.00033826 -0.00022499 0.00014809 -7.4354e-005 3.4763e-005 5.8438e-006 -1.7648e-005 3.6248e-005 -3.1662e-005 3.89e-005 -2.7147e-005 3.0484e-005 -1.7191e-005 2.0556e-005 -8.2172e-006
-1.3255e-005 2.7301e-005 -2.5903e-005 4.1293e-005 -3.9936e-005 5.3156e-005 -4.63e-005 4.9418e-005 -2.6548e-005 6.5637e-006 4.7325e-005 -0.00010647 0.00020706 -0.0003188 0.00047509 -0.0006418 0.00084762 -0.0010532 0.0012821 -0.0014906 0.0016991 -0.0018626 0.0020027 -0.0020775 0.002114 -0.0020775 0.0020027 -0.0018626 0.0016991 -0.0014906 0.0012821 -0.0010532 0.00084762 -0.0006418 0.00047509 -0.0003188 0.00020706 -0.00010647 4.7325e-005 6.5637e-006 -2.6548e-005 4.9418e-005 -4.63e-005 5.3156e-005 -3.9936e-005 4.1293e-005 -2.5903e-005 2.7301e-005 -1.3255e-005
-1.9969e-005 3.6289e-005 -3.7513e-005 5.5698e-005 -5.698e-005 7.2155e-005 -6.5807e-005 6.6969e-005 -3.8408e-005 7.5232e-006 6.4065e-005 -0.00014928 0.00028564 -0.0004438 0.00065745 -0.00089186 0.0011742 -0.0014625 0.0017769 -0.0020693 0.0023553 -0.0025854 0.0027765 -0.0028834 0.0029309 -0.0028834 0.0027765 -0.0025854 0.0023553 -0.0020693 0.0017769 -0.0014625 0.0011742 -0.00089186 0.00065745 -0.0004438 0.00028564 -0.00014928 6.4065e-005 7.5232e-006 -3.8408e-005 6.6969e-005 -6.5807e-005 7.2155e-005 -5.698e-005 5.5698e-005 -3.7513e-005 3.6289e-005 -1.9969e-005
-2.8753e-005 4.8049e-005 -5.2705e-005 7.4547e-005 -7.928e-005 9.7013e-005 -9.1331e-005 8.9933e-005 -5.3926e-005 8.7786e-006 8.597e-005 -0.00020528 0.00038847 -0.00060737 0.00089605 -0.0012191 0.0016015 -0.0019981 0.0024243 -0.0028265 0.003214 -0.003531 0.0037889 -0.0039379 0.0039998 -0.0039379 0.0037889 -0.003531 0.003214 -0.0028265 0.0024243 -0.0019981 0.0016015 -0.0012191 0.00089605 -0.00060737 0.00038847 -0.00020528 8.597e-005 8.7786e-006 -5.3926e-005 8.9933e-005 -9.1331e-005 9.7013e-005 -7.928e-005 7.4547e-005 -5.2705e-005 4.8049e-005 -2.8753e-005
-4.0035e-005 6.3153e-005 -7.2217e-005 9.8755e-005 -0.00010792 0.00012894 -0.00012411 0.00011943 -7.3857e-005 1.0391e-005 0.0001141 -0.00027722 0.00052053 -0.00081745 0.0012025 -0.0016393 0.0021503 -0.002686 0.0032559 -0.0037989 0.0043168 -0.0047456 0.0050893 -0.0052923 0.0053726 -0.0052923 0.0050893 -0.0047456 0.0043168 -0.0037989 0.0032559 -0.002686 0.0021503 -0.0016393 0.0012025 -0.00081745 0.00052053 -0.00027722 0.0001141 1.0391e-005 -7.3857e-005 0.00011943 -0.00012411 0.00012894 -0.00010792 9.8755e-005 -7.2217e-005 6.3153e-005 -4.0035e-005
-5.4255e-005 8.219e-005 -9.6808e-005 0.00012927 -0.00014402 0.00016918 -0.00016543 0.0001566 -9.8978e-005 1.2423e-005 0.00014956 -0.00036788 0.00068697 -0.0010822 0.0015887 -0.0021689 0.0028421 -0.0035531 0.0043039 -0.0050246 0.0057068 -0.0062763 0.0067282 -0.0069993 0.0071028 -0.0069993 0.0067282 -0.0062763 0.0057068 -0.0050246 0.0043039 -0.0035531 0.0028421 -0.0021689 0.0015887 -0.0010822 0.00068697 -0.00036788 0.00014956 1.2423e-005 -9.8978e-005 0.0001566 -0.00016543 0.00016918 -0.00014402 0.00012927 -9.6808e-005 8.219e-005 -5.4255e-005
-7.1836e-005 0.00010573 -0.00012721 0.00016699 -0.00018865 0.00021893 -0.00021651 0.00020256 -0.00013004 1.4936e-005 0.0001934 -0.00047997 0.00089276 -0.0014096 0.0020663 -0.0028238 0.0036973 -0.004625 0.0055996 -0.00654 0.0074253 -0.008169 0.0087545 -0.0091098 0.009242 -0.0091098 0.0087545 -0.008169 0.0074253 -0.00654 0.0055996 -0.004625 0.0036973 -0.0028238 0.0020663 -0.0014096 0.00089276 -0.00047997 0.0001934 1.4936e-005 -0.00013004 0.00020256 -0.00021651 0.00021893 -0.00018865 0.00016699 -0.00012721 0.00010573 -7.1836e-005
-9.315e-005 0.00013426 -0.00016407 0.00021272 -0.00024276 0.00027925 -0.00027844 0.00025828 -0.00016769 1.7982e-005 0.00024655 -0.00061586 0.0011422 -0.0018064 0.0026452 -0.0036177 0.0047341 -0.0059246 0.0071706 -0.0083772 0.0095088 -0.010463 0.011211 -0.011668 0.011836 -0.011668 0.011211 -0.010463 0.0095088 -0.0083772 0.0071706 -0.0059246 0.0047341 -0.0036177 0.0026452 -0.0018064 0.0011422 -0.00061586 0.00024655 1.7982e-005 -0.00016769 0.00025828 -0.00027844 0.00027925 -0.00024276 0.00021272 -0.00016407 0.00013426 -9.315e-005
-0.00011848 0.00016817 -0.00020787 0.00026706 -0.00030706 0.00035091 -0.00035203 0.00032449 -0.00021243 2.1601e-005 0.0003097 -0.00077733 0.0014387 -0.002278 0.0033331 -0.004561 0.0059661 -0.0074687 0.0090371 -0.01056 0.011984 -0.01319 0.01413 -0.014709 0.014917 -0.014709 0.01413 -0.01319 0.011984 -0.01056 0.0090371 -0.0074687 0.0059661 -0.004561 0.0033331 -0.002278 0.0014387 -0.00077733 0.0003097 2.1601e-005 -0.00021243 0.00032449 -0.00035203 0.00035091 -0.00030706 0.00026706 -0.00020787 0.00016817 -0.00011848
-0.00014795 0.00020763 -0.00025885 0.00033031 -0.00038189 0.00043432 -0.00043768 0.00040155 -0.0002645 2.5814e-005 0.0003832 -0.00096526 0.0017837 -0.0028269 0.0041337 -0.0056589 0.0073999 -0.0092659 0.01121 -0.013101 0.014866 -0.016363 0.017527 -0.018247 0.018504 -0.018247 0.017527 -0.016363 0.014866 -0.013101 0.01121 -0.0092659 0.0073999 -0.0056589 0.0041337 -0.0028269 0.0017837 -0.00096526 0.0003832 2.5814e-005 -0.0002645 0.00040155 -0.00043768 0.00043432 -0.00038189 0.00033031 -0.00025885 0.00020763 -0.00014795
-0.00018153 0.00025258 -0.00031691 0.00040236 -0.00046713 0.00052934 -0.00053524 0.00048933 -0.00032382 3.0612e-005 0.00046692 -0.0011793 0.0021767 -0.0034521 0.0050458 -0.0069095 0.0090333 -0.011313 0.013684 -0.015995 0.018148 -0.019978 0.021397 -0.022278 0.022589 -0.022278 0.021397 -0.019978 0.018148 -0.015995 0.013684 -0.011313 0.0090333 -0.0069095 0.0050458 -0.0034521 0.0021767 -0.0011793 0.00046692 3.0612e-005 -0.00032382 0.00048933 -0.00053524 0.00052934 -0.00046713 0.00040236 -0.00031691 0.00025258 -0.00018153
-0.00021893 0.00030266 -0.0003816 0.00048261 -0.00056208 0.00063519 -0.00064392 0.00058711 -0.00038989 3.5958e-005 0.00056019 -0.0014178 0.0026146 -0.0041485 0.0060617 -0.0083028 0.010853 -0.013594 0.016441 -0.019219 0.021804 -0.024004 0.025708 -0.026768 0.02714 -0.026768 0.025708 -0.024004 0.021804 -0.019219 0.016441 -0.013594 0.010853 -0.0083028 0.0060617 -0.0041485 0.0026146 -0.0014178 0.00056019 3.5958e-005 -0.00038989 0.00058711 -0.00064392 0.00063519 -0.00056208 0.00048261 -0.0003816 0.00030266 -0.00021893
-0.00025963 0.00035714 -0.00045198 0.00056994 -0.0006654 0.00075036 -0.00076218 0.0006935 -0.00046179 4.1774e-005 0.00066167 -0.0016773 0.0030909 -0.0049063 0.0071672 -0.0098186 0.012833 -0.016075 0.019441 -0.022727 0.025782 -0.028385 0.030399 -0.031653 0.032093 -0.031653 0.030399 -0.028385 0.025782 -0.022727 0.019441 -0.016075 0.012833 -0.0098186 0.0071672 -0.0049063 0.0030909 -0.0016773 0.00066167 4.1774e-005 -0.00046179 0.0006935 -0.00076218 0.00075036 -0.0006654 0.00056994 -0.00045198 0.00035714 -0.00025963
-0.00030282 0.00041496 -0.00052667 0.0006626 -0.00077504 0.00087257 -0.00088766 0.0008064 -0.00053808 4.7946e-005 0.00076936 -0.0019526 0.0035964 -0.0057105 0.0083402 -0.011427 0.014933 -0.018708 0.022623 -0.02645 0.030003 -0.033034 0.035376 -0.036838 0.037347 -0.036838 0.035376 -0.033034 0.030003 -0.02645 0.022623 -0.018708 0.014933 -0.011427 0.0083402 -0.0057105 0.0035964 -0.0019526 0.00076936 4.7946e-005 -0.00053808 0.0008064 -0.00088766 0.00087257 -0.00077504 0.0006626 -0.00052667 0.00041496 -0.00030282
-0.00034742 0.00047467 -0.0006038 0.00075831 -0.00088827 0.00099878 -0.0010173 0.000923 -0.00061688 5.432e-005 0.00088058 -0.002237 0.0041185 -0.006541 0.0095517 -0.013089 0.017103 -0.021428 0.025911 -0.030294 0.034363 -0.037836 0.040517 -0.042192 0.042774 -0.042192 0.040517 -0.037836 0.034363 -0.030294 0.025911 -0.021428 0.017103 -0.013089 0.0095517 -0.006541 0.0041185 -0.002237 0.00088058 5.432e-005 -0.00061688 0.000923 -0.0010173 0.00099878 -0.00088827 0.00075831 -0.0006038 0.00047467 -0.00034742
-0.00039213 0.00053452 -0.00068112 0.00085424 -0.0010018 0.0011253 -0.0011472 0.0010399 -0.00069586 6.071e-005 0.00099206 -0.0025221 0.0046418 -0.0073734 0.010766 -0.014754 0.019278 -0.024154 0.029206 -0.034148 0.038733 -0.042649 0.04567 -0.047559 0.048214 -0.047559 0.04567 -0.042649 0.038733 -0.034148 0.029206 -0.024154 0.019278 -0.014754 0.010766 -0.0073734 0.0046418 -0.0025221 0.00099206 6.071e-005 -0.00069586 0.0010399 -0.0011472 0.0011253 -0.0010018 0.00085424 -0.00068112 0.00053452 -0.00039213
-0.00043545 0.00059252 -0.00075604 0.00094719 -0.0011117 0.0012479 -0.001273 0.0011531 -0.00077239 6.6901e-005 0.0011001 -0.0027983 0.0051489 -0.0081801 0.011943 -0.016367 0.021385 -0.026795 0.032399 -0.037882 0.042968 -0.047312 0.050663 -0.052759 0.053486 -0.052759 0.050663 -0.047312 0.042968 -0.037882 0.032399 -0.026795 0.021385 -0.016367 0.011943 -0.0081801 0.0051489 -0.0027983 0.0011001 6.6901e-005 -0.00077239 0.0011531 -0.001273 0.0012479 -0.0011117 0.00094719 -0.00075604 0.00059252 -0.00043545
-0.00047578 0.00064652 -0.0008258 0.0010337 -0.0012141 0.001362 -0.0013902 0.0012586 -0.00084364 7.2666e-005 0.0012007 -0.0030554 0.0056211 -0.0089311 0.013038 -0.01787 0.023347 -0.029255 0.035372 -0.041359 0.046911 -0.051655 0.055312 -0.057601 0.058394 -0.057601 0.055312 -0.051655 0.046911 -0.041359 0.035372 -0.029255 0.023347 -0.01787 0.013038 -0.0089311 0.0056211 -0.0030554 0.0012007 7.2666e-005 -0.00084364 0.0012586 -0.0013902 0.001362 -0.0012141 0.0010337 -0.0008258 0.00064652 -0.00047578
-0.00051153 0.00069437 -0.00088761 0.0011104 -0.0013049 0.0014632 -0.0014941 0.001352 -0.00090678 7.7773e-005 0.0012898 -0.0032833 0.0060394 -0.0095966 0.014009 -0.019201 0.025086 -0.031434 0.038006 -0.04444 0.050405 -0.055502 0.059431 -0.061892 0.062743 -0.061892 0.059431 -0.055502 0.050405 -0.04444 0.038006 -0.031434 0.025086 -0.019201 0.014009 -0.0095966 0.0060394 -0.0032833 0.0012898 7.7773e-005 -0.00090678 0.001352 -0.0014941 0.0014632 -0.0013049 0.0011104 -0.00088761 0.00069437 -0.00051153
-0.00054115 0.00073404 -0.00093885 0.001174 -0.0013801 0.001547 -0.0015802 0.0014295 -0.00095913 8.2008e-005 0.0013637 -0.0034722 0.0063862 -0.010148 0.014814 -0.020305 0.026527 -0.03324 0.040189 -0.046993 0.053301 -0.058692 0.062846 -0.065448 0.066348 -0.065448 0.062846 -0.058692 0.053301 -0.046993 0.040189 -0.03324 0.026527 -0.020305 0.014814 -0.010148 0.0063862 -0.0034722 0.0013637 8.2008e-005 -0.00095913 0.0014295 -0.0015802 0.001547 -0.0013801 0.001174 -0.00093885 0.00073404 -0.00054115
-0.00056335 0.00076376 -0.00097724 0.0012216 -0.0014365 0.0016098 -0.0016447 0.0014875 -0.00099834 8.5181e-005 0.001419 -0.0036138 0.0066461 -0.010562 0.015417 -0.021132 0.027607 -0.034594 0.041826 -0.048907 0.055471 -0.061082 0.065405 -0.068113 0.069049 -0.068113 0.065405 -0.061082 0.055471 -0.048907 0.041826 -0.034594 0.027607 -0.021132 0.015417 -0.010562 0.0066461 -0.0036138 0.001419 8.5181e-005 -0.00099834 0.0014875 -0.0016447 0.0016098 -0.0014365 0.0012216 -0.00097724 0.00076376 -0.00056335
-0.00057711 0.00078217 -0.001001 0.0012511 -0.0014714 0.0016488 -0.0016846 0.0015235 -0.0010226 8.7146e-005 0.0014533 -0.0037014 0.0068071 -0.010818 0.015791 -0.021644 0.028276 -0.035432 0.042839 -0.050092 0.056815 -0.062562 0.06699 -0.069764 0.070722 -0.069764 0.06699 -0.062562 0.056815 -0.050092 0.042839 -0.035432 0.028276 -0.021644 0.015791 -0.010818 0.0068071 -0.0037014 0.0014533 8.7146e-005 -0.0010226 0.0015235 -0.0016846 0.0016488 -0.0014714 0.0012511 -0.001001 0.00078217 -0.00057711
-0.00058176 0.00078841 -0.0010091 0.0012611 -0.0014832 0.0016619 -0.0016982 0.0015356 -0.0010309 8.7812e-005 0.0014649 -0.0037311 0.0068616 -0.010904 0.015917 -0.021817 0.028503 -0.035716 0.043182 -0.050494 0.05727 -0.063063 0.067527 -0.070323 0.071289 -0.070323 0.067527 -0.063063 0.05727 -0.050494 0.043182 -0.035716 0.028503 -0.021817 0.015917 -0.010904 0.0068616 -0.0037311 0.0014649 8.7812e-005 -0.0010309 0.0015356 -0.0016982 0.0016619 -0.0014832 0.0012611 -0.0010091 0.00078841 -0.00058176
-0.00057711 0.00078217 -0.001001 0.0012511 -0.0014714 0.0016488 -0.0016846 0.0015235 -0.0010226 8.7146e-005 0.0014533 -0.0037014 0.0068071 -0.010818 0.015791 -0.021644 0.028276 -0.035432 0.042839 -0.050092 0.056815 -0.062562 0.06699 -0.069764 0.070722 -0.069764 0.06699 -0.062562 0.056815 -0.050092 0.042839 -0.035432 0.028276 -0.021644 0.015791 -0.010818 0.0068071 -0.0037014 0.0014533 8.7146e-005 -0.0010226 0.0015235 -0.0016846 0.0016488 -0.0014714 0.0012511 -0.001001 0.00078217 -0.00057711
-0.00056335 0.00076376 -0.00097724 0.0012216 -0.0014365 0.0016098 -0.0016447 0.0014875 -0.00099834 8.5181e-005 0.001419 -0.0036138 0.0066461 -0.010562 0.015417 -0.021132 0.027607 -0.034594 0.041826 -0.048907 0.055471 -0.061082 0.065405 -0.068113 0.069049 -0.068113 0.065405 -0.061082 0.055471 -0.048907 0.041826 -0.034594 0.027607 -0.021132 0.015417 -0.010562 0.0066461 -0.0036138 0.001419 8.5181e-005 -0.00099834 0.0014875 -0.0016447 0.0016098 -0.0014365 0.0012216 -0.00097724 0.00076376 -0.00056335
-0.00054115 0.00073404 -0.00093885 0.001174 -0.0013801 0.001547 -0.0015802 0.0014295 -0.00095913 8.2008e-005 0.0013637 -0.0034722 0.0063862 -0.010148 0.014814 -0.020305 0.026527 -0.03324 0.040189 -0.046993 0.053301 -0.058692 0.062846 -0.065448 0.066348 -0.065448 0.062846 -0.058692 0.053301 -0.046993 0.040189 -0.03324 0.026527 -0.020305 0.014814 -0.010148 0.0063862 -0.0034722 0.0013637 8.2008e-005 -0.00095913 0.0014295 -0.0015802 0.001547 -0.0013801 0.001174 -0.00093885 0.00073404 -0.00054115
-0.00051153 0.00069437 -0.00088761 0.0011104 -0.0013049 0.0014632 -0.0014941 0.001352 -0.00090678 7.7773e-005 0.0012898 -0.0032833 0.0060394 -0.0095966 0.014009 -0.019201 0.025086 -0.031434 0.038006 -0.04444 0.050405 -0.055502 0.059431 -0.061892 0.062743 -0.061892 0.059431 -0.055502 0.050405 -0.04444 0.038006 -0.031434 0.025086 -0.019201 0.014009 -0.0095966 0.0060394 -0.0032833 0.0012898 7.7773e-005 -0.00090678 0.001352 -0.0014941 0.0014632 -0.0013049 0.0011104 -0.00088761 0.00069437 -0.00051153
-0.00047578 0.00064652 -0.0008258 0.0010337 -0.0012141 0.001362 -0.0013902 0.0012586 -0.00084364 7.2666e-005 0.0012007 -0.0030554 0.0056211 -0.0089311 0.013038 -0.01787 0.023347 -0.029255 0.035372 -0.041359 0.046911 -0.051655 0.055312 -0.057601 0.058394 -0.057601 0.055312 -0.051655 0.046911 -0.041359 0.035372 -0.029255 0.023347 -0.01787 0.013038 -0.0089311 0.0056211 -0.0030554 0.0012007 7.2666e-005 -0.00084364 0.0012586 -0.0013902 0.001362 -0.0012141 0.0010337 -0.0008258 0.00064652 -0.00047578
-0.00043545 0.00059252 -0.00075604 0.00094719 -0.0011117 0.0012479 -0.001273 0.0011531 -0.00077239 6.6901e-005 0.0011001 -0.0027983 0.0051489 -0.0081801 0.011943 -0.016367 0.021385 -0.026795 0.032399 -0.037882 0.042968 -0.047312 0.050663 -0.052759 0.053486 -0.052759 0.050663 -0.047312 0.042968 -0.037882 0.032399 -0.026795 0.021385 -0.016367 0.011943 -0.0081801 0.0051489 -0.0027983 0.0011001 6.6901e-005 -0.00077239 0.0011531 -0.001273 0.0012479 -0.0011117 0.00094719 -0.00075604 0.00059252 -0.00043545
-0.00039213 0.00053452 -0.00068112 0.00085424 -0.0010018 0.0011253 -0.0011472 0.0010399 -0.00069586 6.071e-005 0.00099206 -0.0025221 0.0046418 -0.0073734 0.010766 -0.014754 0.019278 -0.024154 0.029206 -0.034148 0.038733 -0.042649 0.04567 -0.047559 0.048214 -0.047559 0.04567 -0.042649 0.038733 -0.034148 0.029206 -0.024154 0.019278 -0.014754 0.010766 -0.0073734 0.0046418 -0.0025221 0.00099206 6.071e-005 -0.00069586 0.0010399 -0.0011472 0.0011253 -0.0010018 0.00085424 -0.00068112 0.00053452 -0.00039213
-0.00034742 0.00047467 -0.0006038 0.00075831 -0.00088827 0.00099878 -0.0010173 0.000923 -0.00061688 5.432e-005 0.00088058 -0.002237 0.0041185 -0.006541 0.0095517 -0.013089 0.017103 -0.021428 0.025911 -0.030294 0.034363 -0.037836 0.040517 -0.042192 0.042774 -0.042192 0.040517 -0.037836 0.034363 -0.030294 0.025911 -0.021428 0.017103 -0.013089 0.0095517 -0.006541 0.0041185 -0.002237 0.00088058 5.432e-005 -0.00061688 0.000923 -0.0010173 0.00099878 -0.00088827 0.00075831 -0.0006038 0.00047467 -0.00034742
-0.00030282 0.00041496 -0.00052667 0.0006626 -0.00077504 0.00087257 -0.00088766 0.0008064 -0.00053808 4.7946e-005 0.00076936 -0.0019526 0.0035964 -0.0057105 0.0083402 -0.011427 0.014933 -0.018708 0.022623 -0.02645 0.030003 -0.033034 0.035376 -0.036838 0.037347 -0.036838 0.035376 -0.033034 0.030003 -0.02645 0.022623 -0.018708 0.014933 -0.011427 0.0083402 -0.0057105 0.0035964 -0.0019526 0.00076936 4.7946e-005 -0.00053808 0.0008064 -0.00088766 0.00087257 -0.00077504 0.0006626 -0.00052667 0.00041496 -0.00030282
-0.00025963 0.00035714 -0.00045198 0.00056994 -0.0006654 0.00075036 -0.00076218 0.0006935 -0.00046179 4.1774e-005 0.00066167 -0.0016773 0.0030909 -0.0049063 0.0071672 -0.0098186 0.012833 -0.016075 0.019441 -0.022727 0.025782 -0.028385 0.030399 -0.031653 0.032093 -0.031653 0.030399 -0.028385 0.025782 -0.022727 0.019441 -0.016075 0.012833 -0.0098186 0.0071672 -0.0049063 0.0030909 -0.0016773 0.00066167 4.1774e-005 -0.00046179 0.0006935 -0.00076218 0.00075036 -0.0006654 0.00056994 -0.00045198 0.00035714 -0.00025963
-0.00021893 0.00030266 -0.0003816 0.00048261 -0.00056208 0.00063519 -0.00064392 0.00058711 -0.00038989 3.5958e-005 0.00056019 -0.0014178 0.0026146 -0.0041485 0.0060617 -0.0083028 0.010853 -0.013594 0.016441 -0.019219 0.021804 -0.024004 0.025708 -0.026768 0.02714 -0.026768 0.025708 -0.024004 0.021804 -0.019219 0.016441 -0.013594 0.010853 -0.0083028 0.0060617 -0.0041485 0.0026146 -0.0014178 0.00056019 3.5958e-005 -0.00038989 0.00058711 -0.00064392 0.00063519 -0.00056208 0.00048261 -0.0003816 0.00030266 -0.00021893
-0.00018153 0.00025258 -0.00031691 0.00040236 -0.00046713 0.00052934 -0.00053524 0.00048933 -0.00032382 3.0612e-005 0.00046692 -0.0011793 0.0021767 -0.0034521 0.0050458 -0.0069095 0.0090333 -0.011313 0.013684 -0.015995 0.018148 -0.019978 0.021397 -0.022278 0.022589 -0.022278 0.021397 -0.019978 0.018148 -0.015995 0.013684 -0.011313 0.0090333 -0.0069095 0.0050458 -0.0034521 0.0021767 -0.0011793 0.00046692 3.0612e-005 -0.00032382 0.00048933 -0.00053524 0.00052934 -0.00046713 0.00040236 -0.00031691 0.00025258 -0.00018153
-0.00014795 0.00020763 -0.00025885 0.00033031 -0.00038189 0.00043432 -0.00043768 0.00040155 -0.0002645 2.5814e-005 0.0003832 -0.00096526 0.0017837 -0.0028269 0.0041337 -0.0056589 0.0073999 -0.0092659 0.01121 -0.013101 0.014866 -0.016363 0.017527 -0.018247 0.018504 -0.018247 0.017527 -0.016363 0.014866 -0.013101 0.01121 -0.0092659 0.0073999 -0.0056589 0.0041337 -0.0028269 0.0017837 -0.00096526 0.0003832 2.5814e-005 -0.0002645 0.00040155 -0.00043768 0.00043432 -0.00038189 0.00033031 -0.00025885 0.00020763 -0.00014795
-0.00011848 0.00016817 -0.00020787 0.00026706 -0.00030706 0.00035091 -0.00035203 0.00032449 -0.00021243 2.1601e-005 0.0003097 -0.00077733 0.0014387 -0.002278 0.0033331 -0.004561 0.0059661 -0.0074687 0.0090371 -0.01056 0.011984 -0.01319 0.01413 -0.014709 0.014917 -0.014709 0.01413 -0.01319 0.011984 -0.01056 0.0090371 -0.0074687 0.0059661 -0.004561 0.0033331 -0.002278 0.0014387 -0.00077733 0.0003097 2.1601e-005 -0.00021243 0.00032449 -0.00035203 0.00035091 -0.00030706 0.00026706 -0.00020787 0.00016817 -0.00011848
-9.315e-005 0.00013426 -0.00016407 0.00021272 -0.00024276 0.00027925 -0.00027844 0.00025828 -0.00016769 1.7982e-005 0.00024655 -0.00061586 0.0011422 -0.0018064 0.0026452 -0.0036177 0.0047341 -0.0059246 0.0071706 -0.0083772 0.0095088 -0.010463 0.011211 -0.011668 0.011836 -0.011668 0.011211 -0.010463 0.0095088 -0.0083772 0.0071706 -0.0059246 0.0047341 -0.0036177 0.0026452 -0.0018064 0.0011422 -0.00061586 0.00024655 1.7982e-005 -0.00016769 0.00025828 -0.00027844 0.00027925 -0.00024276 0.00021272 -0.00016407 0.00013426 -9.315e-005
-7.1836e-005 0.00010573 -0.00012721 0.00016699 -0.00018865 0.00021893 -0.00021651 0.00020256 -0.00013004 1.4936e-005 0.0001934 -0.00047997 0.00089276 -0.0014096 0.0020663 -0.0028238 0.0036973 -0.004625 0.0055996 -0.00654 0.0074253 -0.008169 0.0087545 -0.0091098 0.009242 -0.0091098 0.0087545 -0.008169 0.0074253 -0.00654 0.0055996 -0.004625 0.0036973 -0.0028238 0.0020663 -0.0014096 0.00089276 -0.00047997 0.0001934 1.4936e-005 -0.00013004 0.00020256 -0.00021651 0.00021893 -0.00018865 0.00016699 -0.00012721 0.00010573 -7.1836e-005
-5.4255e-005 8.219e-005 -9.6808e-005 0.00012927 -0.00014402 0.00016918 -0.00016543 0.0001566 -9.8978e-005 1.2423e-005 0.00014956 -0.00036788 0.00068697 -0.0010822 0.0015887 -0.0021689 0.0028421 -0.0035531 0.0043039 -0.0050246 0.0057068 -0.0062763 0.0067282 -0.0069993 0.0071028 -0.0069993 0.0067282 -0.0062763 0.0057068 -0.0050246 0.0043039 -0.0035531 0.0028421 -0.0021689 0.0015887 -0.0010822 0.00068697 -0.00036788 0.00014956 1.2423e-005 -9.8978e-005 0.0001566 -0.00016543 0.00016918 -0.00014402 0.00012927 -9.6808e-005 8.219e-005 -5.4255e-005
-4.0035e-005 6.3153e-005 -7.2217e-005 9.8755e-005 -0.00010792 0.00012894 -0.00012411 0.00011943 -7.3857e-005 1.0391e-005 0.0001141 -0.00027722 0.00052053 -0.00081745 0.0012025 -0.0016393 0.0021503 -0.002686 0.0032559 -0.0037989 0.0043168 -0.0047456 0.0050893 -0.0052923 0.0053726 -0.0052923 0.0050893 -0.0047456 0.0043168 -0.0037989 0.0032559 -0.002686 0.0021503 -0.0016393 0.0012025 -0.00081745 0.00052053 -0.00027722 0.0001141 1.0391e-005 -7.3857e-005 0.00011943 -0.00012411 0.00012894 -0.00010792 9.8755e-005 -7.2217e-005 6.3153e-005 -4.0035e-005
-2.8753e-005 4.8049e-005 -5.2705e-005 7.4547e-005 -7.928e-005 9.7013e-005 -9.1331e-005 8.9933e-005 -5.3926e-005 8.7786e-006 8.597e-005 -0.00020528 0.00038847 -0.00060737 0.00089605 -0.0012191 0.0016015 -0.0019981 0.0024243 -0.0028265 0.003214 -0.003531 0.0037889 -0.0039379 0.0039998 -0.0039379 0.0037889 -0.003531 0.003214 -0.0028265 0.0024243 -0.0019981 0.0016015 -0.0012191 0.00089605 -0.00060737 0.00038847 -0.00020528 8.597e-005 8.7786e-006 -5.3926e-005 8.9933e-005 -9.1331e-005 9.7013e-005 -7.928e-005 7.4547e-005 -5.2705e-005 4.8049e-005 -2.8753e-005
-1.9969e-005 3.6289e-005 -3.7513e-005 5.5698e-005 -5.698e-005 7.2155e-005 -6.5807e-005 6.6969e-005 -3.8408e-005 7.5232e-006 6.4065e-005 -0.00014928 0.00028564 -0.0004438 0.00065745 -0.00089186 0.0011742 -0.0014625 0.0017769 -0.0020693 0.0023553 -0.0025854 0.0027765 -0.0028834 0.0029309 -0.0028834 0.0027765 -0.0025854 0.0023553 -0.0020693 0.0017769 -0.0014625 0.0011742 -0.00089186 0.00065745 -0.0004438 0.00028564 -0.00014928 6.4065e-005 7.5232e-006 -3.8408e-005 6.6969e-005 -6.5807e-005 7.2155e-005 -5.698e-005 5.5698e-005 -3.7513e-005 3.6289e-005 -1.9969e-005
-1.3255e-005 2.7301e-005 -2.5903e-005 4.1293e-005 -3.9936e-005 5.3156e-005 -4.63e-005 4.9418e-005 -2.6548e-005 6.5637e-006 4.7325e-005 -0.00010647 0.00020706 -0.0003188 0.00047509 -0.0006418 0.00084762 -0.0010532 0.0012821 -0.0014906 0.0016991 -0.0018626 0.0020027 -0.0020775 0.002114 -0.0020775 0.0020027 -0.0018626 0.0016991 -0.0014906 0.0012821 -0.0010532 0.00084762 -0.0006418 0.00047509 -0.0003188 0.00020706 -0.00010647 4.7325e-005 6.5637e-006 -2.6548e-005 4.9418e-005 -4.63e-005 5.3156e-005 -3.9936e-005 4.1293e-005 -2.5903e-005 2.7301e-005 -1.3255e-005
-8.2172e-006 2.0556e-005 -1.7191e-005 3.0484e-005 -2.7147e-005 3.89e-005 -3.1662e-005 3.6248e-005 -1.7648e-005 5.8438e-006 3.4763e-005 -7.4354e-005 0.00014809 -0.00022499 0.00033826 -0.00045416 0.00060256 -0.00074604 0.00091083 -0.0010564 0.0012067 -0.0013203 0.0014221 -0.0014728 0.0015011 -0.0014728 0.0014221 -0.0013203 0.0012067 -0.0010564 0.00091083 -0.00074604 0.00060256 -0.00045416 0.00033826 -0.00022499 0.00014809 -7.4354e-005 3.4763e-005 5.8438e-006 -1.7648e-005 3.6248e-005 -3.1662e-005 3.89e-005 -2.7147e-005 3.0484e-005 -1.7191e-005 2.0556e-005 -8.2172e-006
-4.5048e-006 1.5586e-005 -1.0771e-005 2.2518e-005 -1.7723e-005 2.8395e-005 -2.0875e-005 2.6543e-005 -1.109e-005 5.3132e-006 2.5506e-005 -5.0684e-005 0.00010464 -0.00015587 0.00023742 -0.00031588 0.00042196 -0.00051969 0.00063721 -0.00073637 0.00084378 -0.00092068 0.00099417 -0.0010271 0.0010493 -0.0010271 0.00099417 -0.00092068 0.00084378 -0.00073637 0.00063721 -0.00051969 0.00042196 -0.00031588 0.00023742 -0.00015587 0.00010464 -5.0684e-005 2.5506e-005 5.3132e-006 -1.109e-005 2.6543e-005 -2.0875e-005 2.8395e-005 -1.7723e-005 2.2518e-005 -1.0771e-005 1.5586e-005 -4.5048e-006
-1.8176e-006 1.1989e-005 -6.1234e-006 1.6752e-005 -1.0901e-005 2.0791e-005 -1.3067e-005 1.9518e-005 -6.3429e-006 4.9292e-006 1.8805e-005 -3.3552e-005 7.3183e-005 -0.00010583 0.00016443 -0.00021579 0.00029125 -0.00035584 0.00043916 -0.00050474 0.00058112 -0.0006314 0.00068446 -0.00070455 0.00072237 -0.00070455 0.00068446 -0.0006314 0.00058112 -0.00050474 0.00043916 -0.00035584 0.00029125 -0.00021579 0.00016443 -0.00010583 7.3183e-005 -3.3552e-005 1.8805e-005 4.9292e-006 -6.3429e-006 1.9518e-005 -1.3067e-005 2.0791e-005 -1.0901e-005 1.6752e-005 -6.1234e-006 1.1989e-005 -1.8176e-006
