-7.7717e-007 -6.1135e-005 -0.0002003 0.00085605 9.9953e-005 -0.0020649 0.00077629 0.00065968 -0.00029265 -3.2809e-005 2.5098e-007
-6.1135e-005 -0.00029639 0.0019671 0.00037319 -0.010685 0.0061753 0.0079484 -0.0050367 -0.00057698 0.00048398 -3.2809e-005
-0.0002003 0.0019671 0.00056958 -0.024346 0.021289 0.041371 -0.039456 -0.0067098 0.0088633 -0.00057698 -0.00029265
0.00085605 0.00037319 -0.024346 0.032153 0.094342 -0.13581 -0.034832 0.069657 -0.0067098 -0.0050367 0.00065968
9.9953e-005 -0.010685 0.021289 0.094342 -0.20506 -0.079403 0.23985 -0.034832 -0.039456 0.0079484 0.00077629
-0.0020649 0.0061753 0.041371 -0.13581 -0.079403 0.36217 -0.079403 -0.13581 0.041371 0.0061753 -0.0020649
0.00077629 0.0079484 -0.039456 -0.034832 0.23985 -0.079403 -0.20506 0.094342 0.021289 -0.010685 9.9953e-005
0.00065968 -0.0050367 -0.0067098 0.069657 -0.034832 -0.13581 0.094342 0.032153 -0.024346 0.00037319 0.00085605
-0.00029265 -0.00057698 0.0088633 -0.0067098 -0.039456 0.041371 0.021289 -0.024346 0.00056958 0.0019671 -0.0002003
-3.2809e-005 0.00048398 -0.00057698 -0.0050367 0.0079484 0.0061753 -0.010685 0.00037319 0.0019671 -0.00029639 -6.1135e-005
2.5098e-007 -3.2809e-005 -0.00029265 0.00065968 0.00077629 -0.0020649 9.9953e-005 0.00085605 -0.0002003 -6.1135e-005 -7.7717e-007
