-2.5174e-006 -2.1817e-005 -5.5671e-005 -0.00011112 -0.00019577 -0.00031585 -0.00047353 -0.00066402 -0.00087373 -0.0010805 -0.0012571 -0.0013763 -0.0014185 -0.0013763 -0.0012571 -0.0010805 -0.00087373 -0.00066402 -0.00047353 -0.00031585 -0.00019577 -0.00011112 -5.5671e-005 -2.1817e-005 -2.5174e-006
4.8507e-005 7.9502e-005 0.00013387 0.00022293 0.00035887 0.00055172 0.00080495 0.0011109 0.0014477 0.0017798 0.0020633 0.0022548 0.0023226 0.0022548 0.0020633 0.0017798 0.0014477 0.0011109 0.00080495 0.00055172 0.00035887 0.00022293 0.00013387 7.9502e-005 4.8507e-005
-2.5431e-005 -6.7316e-005 -0.00014079 -0.00026113 -0.00044484 -0.00070545 -0.0010477 -0.0014611 -0.0019162 -0.002365 -0.0027481 -0.003007 -0.0030985 -0.003007 -0.0027481 -0.002365 -0.0019162 -0.0014611 -0.0010477 -0.00070545 -0.00044484 -0.00026113 -0.00014079 -6.7316e-005 -2.5431e-005
6.0082e-005 0.00010249 0.00017687 0.00029871 0.0004847 0.00074854 0.001095 0.0015135 0.0019743 0.0024287 0.0028166 0.0030786 0.0031713 0.0030786 0.0028166 0.0024287 0.0019743 0.0015135 0.001095 0.00074854 0.0004847 0.00029871 0.00017687 0.00010249 6.0082e-005
1.4911e-006 -1.3857e-005 -4.078e-005 -8.4879e-005 -0.0001522 -0.00024769 -0.00037309 -0.00052458 -0.00069136 -0.00085583 -0.00099621 -0.0010911 -0.0011246 -0.0010911 -0.00099621 -0.00085583 -0.00069136 -0.00052458 -0.00037309 -0.00024769 -0.0001522 -8.4879e-005 -4.078e-005 -1.3857e-005 1.4911e-006
-4.6958e-005 -0.00011006 -0.00022076 -0.00040207 -0.00067885 -0.0010715 -0.0015871 -0.0022099 -0.0028956 -0.0035719 -0.004149 -0.004539 -0.0046769 -0.004539 -0.004149 -0.0035719 -0.0028956 -0.0022099 -0.0015871 -0.0010715 -0.00067885 -0.00040207 -0.00022076 -0.00011006 -4.6958e-005
0.00023775 0.00045529 0.00083686 0.0014619 0.002416 0.0037695 0.0055467 0.0076939 0.010058 0.012389 0.014378 0.015723 0.016198 0.015723 0.014378 0.012389 0.010058 0.0076939 0.0055467 0.0037695 0.002416 0.0014619 0.00083686 0.00045529 0.00023775
-0.0004521 -0.00091456 -0.0017258 -0.0030545 -0.0050828 -0.0079602 -0.011738 -0.016303 -0.021328 -0.026284 -0.030514 -0.033371 -0.034382 -0.033371 -0.030514 -0.026284 -0.021328 -0.016303 -0.011738 -0.0079602 -0.0050828 -0.0030545 -0.0017258 -0.00091456 -0.0004521
0.0008183 0.0016081 0.0029935 0.0052627 0.0087267 0.013641 0.020093 0.027889 0.036471 0.044934 0.052158 0.057038 0.058765 0.057038 0.052158 0.044934 0.036471 0.027889 0.020093 0.013641 0.0087267 0.0052627 0.0029935 0.0016081 0.0008183
-0.0011607 -0.0023216 -0.004358 -0.0076937 -0.012785 -0.020009 -0.029494 -0.040952 -0.053567 -0.066008 -0.076626 -0.0838 -0.086337 -0.0838 -0.076626 -0.066008 -0.053567 -0.040952 -0.029494 -0.020009 -0.012785 -0.0076937 -0.004358 -0.0023216 -0.0011607
0.001549 0.0030591 0.005708 0.010047 0.01667 0.026066 0.038403 0.053308 0.069717 0.085899 0.09971 0.10904 0.11234 0.10904 0.09971 0.085899 0.069717 0.053308 0.038403 0.026066 0.01667 0.010047 0.005708 0.0030591 0.001549
-0.0017695 -0.0035306 -0.0066196 -0.011679 -0.019403 -0.03036 -0.044748 -0.06213 -0.081266 -0.10014 -0.11624 -0.12713 -0.13097 -0.12713 -0.11624 -0.10014 -0.081266 -0.06213 -0.044748 -0.03036 -0.019403 -0.011679 -0.0066196 -0.0035306 -0.0017695
0.0018964 0.003749 0.0069985 0.012321 0.020446 0.031972 0.047107 0.065393 0.085522 0.10537 0.12232 0.13376 0.13781 0.13376 0.12232 0.10537 0.085522 0.065393 0.047107 0.031972 0.020446 0.012321 0.0069985 0.003749 0.0018964
-0.0017695 -0.0035306 -0.0066196 -0.011679 -0.019403 -0.03036 -0.044748 -0.06213 -0.081266 -0.10014 -0.11624 -0.12713 -0.13097 -0.12713 -0.11624 -0.10014 -0.081266 -0.06213 -0.044748 -0.03036 -0.019403 -0.011679 -0.0066196 -0.0035306 -0.0017695
0.001549 0.0030591 0.005708 0.010047 0.01667 0.026066 0.038403 0.053308 0.069717 0.085899 0.09971 0.10904 0.11234 0.10904 0.09971 0.085899 0.069717 0.053308 0.038403 0.026066 0.01667 0.010047 0.005708 0.0030591 0.001549
-0.0011607 -0.0023216 -0.004358 -0.0076937 -0.012785 -0.020009 -0.029494 -0.040952 -0.053567 -0.066008 -0.076626 -0.0838 -0.086337 -0.0838 -0.076626 -0.066008 -0.053567 -0.040952 -0.029494 -0.020009 -0.012785 -0.0076937 -0.004358 -0.0023216 -0.0011607
0.0008183 0.0016081 0.0029935 0.0052627 0.0087267 0.013641 0.020093 0.027889 0.036471 0.044934 0.052158 0.057038 0.058765 0.057038 0.052158 0.044934 0.036471 0.027889 0.020093 0.013641 0.0087267 0.0052627 0.0029935 0.0016081 0.0008183
-0.0004521 -0.00091456 -0.0017258 -0.0030545 -0.0050828 -0.0079602 -0.011738 -0.016303 -0.021328 -0.026284 -0.030514 -0.033371 -0.034382 -0.033371 -0.030514 -0.026284 -0.021328 -0.016303 -0.011738 -0.0079602 -0.0050828 -0.0030545 -0.0017258 -0.00091456 -0.0004521
0.00023775 0.00045529 0.00083686 0.0014619 0.002416 0.0037695 0.0055467 0.0076939 0.010058 0.012389 0.014378 0.015723 0.016198 0.015723 0.014378 0.012389 0.010058 0.0076939 0.0055467 0.0037695 0.002416 0.0014619 0.00083686 0.00045529 0.00023775
-4.6958e-005 -0.00011006 -0.00022076 -0.00040207 -0.00067885 -0.0010715 -0.0015871 -0.0022099 -0.0028956 -0.0035719 -0.004149 -0.004539 -0.0046769 -0.004539 -0.004149 -0.0035719 -0.0028956 -0.0022099 -0.0015871 -0.0010715 -0.00067885 -0.00040207 -0.00022076 -0.00011006 -4.6958e-005
1.4911e-006 -1.3857e-005 -4.078e-005 -8.4879e-005 -0.0001522 -0.00024769 -0.00037309 -0.00052458 -0.00069136 -0.00085583 -0.00099621 -0.0010911 -0.0011246 -0.0010911 -0.00099621 -0.00085583 -0.00069136 -0.00052458 -0.00037309 -0.00024769 -0.0001522 -8.4879e-005 -4.078e-005 -1.3857e-005 1.4911e-006
6.0082e-005 0.00010249 0.00017687 0.00029871 0.0004847 0.00074854 0.001095 0.0015135 0.0019743 0.0024287 0.0028166 0.0030786 0.0031713 0.0030786 0.0028166 0.0024287 0.0019743 0.0015135 0.001095 0.00074854 0.0004847 0.00029871 0.00017687 0.00010249 6.0082e-005
-2.5431e-005 -6.7316e-005 -0.00014079 -0.00026113 -0.00044484 -0.00070545 -0.0010477 -0.0014611 -0.0019162 -0.002365 -0.0027481 -0.003007 -0.0030985 -0.003007 -0.0027481 -0.002365 -0.0019162 -0.0014611 -0.0010477 -0.00070545 -0.00044484 -0.00026113 -0.00014079 -6.7316e-005 -2.5431e-005
4.8507e-005 7.9502e-005 0.00013387 0.00022293 0.00035887 0.00055172 0.00080495 0.0011109 0.0014477 0.0017798 0.0020633 0.0022548 0.0023226 0.0022548 0.0020633 0.0017798 0.0014477 0.0011109 0.00080495 0.00055172 0.00035887 0.00022293 0.00013387 7.9502e-005 4.8507e-005
-2.5174e-006 -2.1817e-005 -5.5671e-005 -0.00011112 -0.00019577 -0.00031585 -0.00047353 -0.00066402 -0.00087373 -0.0010805 -0.0012571 -0.0013763 -0.0014185 -0.0013763 -0.0012571 -0.0010805 -0.00087373 -0.00066402 -0.00047353 -0.00031585 -0.00019577 -0.00011112 -5.5671e-005 -2.1817e-005 -2.5174e-006
