2.3313e-005 -0.00023581 -0.00040579 0.0021775 -0.0053503 0.0067787 -0.0053503 0.0021775 -0.00040579 -0.00023581 2.3313e-005
0.00031994 -0.00070406 -0.0013758 0.0088328 -0.020916 0.027016 -0.020916 0.0088328 -0.0013758 -0.00070406 0.00031994
0.0010792 -0.0019026 -0.0038587 0.025868 -0.060758 0.078817 -0.060758 0.025868 -0.0038587 -0.0019026 0.0010792
0.002404 -0.0039939 -0.0081909 0.055592 -0.13028 0.1692 -0.13028 0.055592 -0.0081909 -0.0039939 0.002404
0.0038456 -0.0062695 -0.012905 0.087936 -0.20592 0.26755 -0.20592 0.087936 -0.012905 -0.0062695 0.0038456
0.0044927 -0.007291 -0.015021 0.10245 -0.23988 0.3117 -0.23988 0.10245 -0.015021 -0.007291 0.0044927
0.0038456 -0.0062695 -0.012905 0.087936 -0.20592 0.26755 -0.20592 0.087936 -0.012905 -0.0062695 0.0038456
0.002404 -0.0039939 -0.0081909 0.055592 -0.13028 0.1692 -0.13028 0.055592 -0.0081909 -0.0039939 0.002404
0.0010792 -0.0019026 -0.0038587 0.025868 -0.060758 0.078817 -0.060758 0.025868 -0.0038587 -0.0019026 0.0010792
0.00031994 -0.00070406 -0.0013758 0.0088328 -0.020916 0.027016 -0.020916 0.0088328 -0.0013758 -0.00070406 0.00031994
2.3313e-005 -0.00023581 -0.00040579 0.0021775 -0.0053503 0.0067787 -0.0053503 0.0021775 -0.00040579 -0.00023581 2.3313e-005
