-1.4346e-005 -6.6879e-005 -1.4488e-005 0.00041745 -0.0014943 0.0020727 -0.0014943 0.00041745 -1.4488e-005 -6.6879e-005 -1.4346e-005
4.4048e-005 -0.00029154 4.3143e-005 0.0028024 -0.0094103 0.013376 -0.0094103 0.0028024 4.3143e-005 -0.00029154 4.4048e-005
0.00026771 -0.001152 0.00026388 0.011937 -0.03973 0.056671 -0.03973 0.011937 0.00026388 -0.001152 0.00026771
0.00079543 -0.0031823 0.0007847 0.033491 -0.11127 0.15882 -0.11127 0.033491 0.0007847 -0.0031823 0.00079543
0.0014975 -0.0058831 0.0014775 0.062163 -0.20643 0.29472 -0.20643 0.062163 0.0014775 -0.0058831 0.0014975
0.0018459 -0.0072235 0.0018214 0.076393 -0.25366 0.36216 -0.25366 0.076393 0.0018214 -0.0072235 0.0018459
0.0014975 -0.0058831 0.0014775 0.062163 -0.20643 0.29472 -0.20643 0.062163 0.0014775 -0.0058831 0.0014975
0.00079543 -0.0031823 0.0007847 0.033491 -0.11127 0.15882 -0.11127 0.033491 0.0007847 -0.0031823 0.00079543
0.00026771 -0.001152 0.00026388 0.011937 -0.03973 0.056671 -0.03973 0.011937 0.00026388 -0.001152 0.00026771
4.4048e-005 -0.00029154 4.3143e-005 0.0028024 -0.0094103 0.013376 -0.0094103 0.0028024 4.3143e-005 -0.00029154 4.4048e-005
-1.4346e-005 -6.6879e-005 -1.4488e-005 0.00041745 -0.0014943 0.0020727 -0.0014943 0.00041745 -1.4488e-005 -6.6879e-005 -1.4346e-005
