-6.6382e-006 -7.872e-005 -0.00022772 -0.00049332 -0.00089763 -0.0014144 -0.0019501 -0.0023621 -0.0025176 -0.0023621 -0.0019501 -0.0014144 -0.00089763 -0.00049332 -0.00022772 -7.872e-005 -6.6382e-006
0.00011845 0.00024184 0.00049691 0.00095157 0.0016437 0.0025283 0.0034453 0.0041506 0.0044168 0.0041506 0.0034453 0.0025283 0.0016437 0.00095157 0.00049691 0.00024184 0.00011845
-3.487e-005 -0.00015107 -0.00039127 -0.00081943 -0.0014712 -0.0023042 -0.0031678 -0.003832 -0.0040827 -0.003832 -0.0031678 -0.0023042 -0.0014712 -0.00081943 -0.00039127 -0.00015107 -3.487e-005
-3.2686e-005 -0.00014547 -0.00037862 -0.00079421 -0.0014268 -0.0022354 -0.0030736 -0.0037183 -0.0039616 -0.0037183 -0.0030736 -0.0022354 -0.0014268 -0.00079421 -0.00037862 -0.00014547 -3.2686e-005
0.00054318 0.0013303 0.0029574 0.0058578 0.010273 0.015916 0.021766 0.026265 0.027963 0.026265 0.021766 0.015916 0.010273 0.0058578 0.0029574 0.0013303 0.00054318
-0.001259 -0.0032881 -0.0074827 -0.014959 -0.026341 -0.040888 -0.055968 -0.067567 -0.071944 -0.067567 -0.055968 -0.040888 -0.026341 -0.014959 -0.0074827 -0.0032881 -0.001259
0.0023705 0.0060132 0.013543 0.026966 0.047398 0.073512 0.10058 0.12141 0.12926 0.12141 0.10058 0.073512 0.047398 0.026966 0.013543 0.0060132 0.0023705
-0.0032002 -0.0082629 -0.018728 -0.037383 -0.065779 -0.10207 -0.1397 -0.16864 -0.17956 -0.16864 -0.1397 -0.10207 -0.065779 -0.037383 -0.018728 -0.0082629 -0.0032002
0.0036445 0.0092783 0.020924 0.041682 0.073282 0.11367 0.15554 0.18774 0.19989 0.18774 0.15554 0.11367 0.073282 0.041682 0.020924 0.0092783 0.0036445
-0.0032002 -0.0082629 -0.018728 -0.037383 -0.065779 -0.10207 -0.1397 -0.16864 -0.17956 -0.16864 -0.1397 -0.10207 -0.065779 -0.037383 -0.018728 -0.0082629 -0.0032002
0.0023705 0.0060132 0.013543 0.026966 0.047398 0.073512 0.10058 0.12141 0.12926 0.12141 0.10058 0.073512 0.047398 0.026966 0.013543 0.0060132 0.0023705
-0.001259 -0.0032881 -0.0074827 -0.014959 -0.026341 -0.040888 -0.055968 -0.067567 -0.071944 -0.067567 -0.055968 -0.040888 -0.026341 -0.014959 -0.0074827 -0.0032881 -0.001259
0.00054318 0.0013303 0.0029574 0.0058578 0.010273 0.015916 0.021766 0.026265 0.027963 0.026265 0.021766 0.015916 0.010273 0.0058578 0.0029574 0.0013303 0.00054318
-3.2686e-005 -0.00014547 -0.00037862 -0.00079421 -0.0014268 -0.0022354 -0.0030736 -0.0037183 -0.0039616 -0.0037183 -0.0030736 -0.0022354 -0.0014268 -0.00079421 -0.00037862 -0.00014547 -3.2686e-005
-3.487e-005 -0.00015107 -0.00039127 -0.00081943 -0.0014712 -0.0023042 -0.0031678 -0.003832 -0.0040827 -0.003832 -0.0031678 -0.0023042 -0.0014712 -0.00081943 -0.00039127 -0.00015107 -3.487e-005
0.00011845 0.00024184 0.00049691 0.00095157 0.0016437 0.0025283 0.0034453 0.0041506 0.0044168 0.0041506 0.0034453 0.0025283 0.0016437 0.00095157 0.00049691 0.00024184 0.00011845
-6.6382e-006 -7.872e-005 -0.00022772 -0.00049332 -0.00089763 -0.0014144 -0.0019501 -0.0023621 -0.0025176 -0.0023621 -0.0019501 -0.0014144 -0.00089763 -0.00049332 -0.00022772 -7.872e-005 -6.6382e-006
