-0.0005431 -0.00052858 -0.00048551 -0.00042078 -0.00039023 -0.00049261 -0.00078868 -0.0011793 -0.0013765 -0.0010829 -0.00029358 0.00057844 0.00095893 0.00057844 -0.00029358 -0.0010829 -0.0013765 -0.0011793 -0.00078868 -0.00049261 -0.00039023 -0.00042078 -0.00048551 -0.00052858 -0.0005431
-0.00055057 -0.00052054 -0.00043141 -0.00029746 -0.00023426 -0.0004461 -0.0010587 -0.0018672 -0.0022751 -0.0016676 -3.4265e-005 0.0017702 0.0025575 0.0017702 -3.4265e-005 -0.0016676 -0.0022751 -0.0018672 -0.0010587 -0.0004461 -0.00023426 -0.00029746 -0.00043141 -0.00052054 -0.00055057
-0.00056421 -0.00050587 -0.00033274 -7.2548e-005 5.0217e-005 -0.00036127 -0.0015513 -0.0031216 -0.003914 -0.0027341 0.00043871 0.0039438 0.0054732 0.0039438 0.00043871 -0.0027341 -0.003914 -0.0031216 -0.0015513 -0.00036127 5.0217e-005 -7.2548e-005 -0.00033274 -0.00050587 -0.00056421
-0.00058735 -0.00048097 -0.00016528 0.00030917 0.00053302 -0.0002173 -0.0023873 -0.0052507 -0.0066955 -0.004544 0.0012414 0.0076328 0.010422 0.0076328 0.0012414 -0.004544 -0.0066955 -0.0052507 -0.0023873 -0.0002173 0.00053302 0.00030917 -0.00016528 -0.00048097 -0.00058735
-0.00062383 -0.00044172 9.8642e-005 0.00091075 0.0012939 9.5889e-006 -0.0037048 -0.0086061 -0.011079 -0.0073964 0.0025065 0.013447 0.01822 0.013447 0.0025065 -0.0073964 -0.011079 -0.0086061 -0.0037048 9.5889e-006 0.0012939 0.00091075 9.8642e-005 -0.00044172 -0.00062383
-0.00067707 -0.00038445 0.00048382 0.0017887 0.0024044 0.00034073 -0.0056277 -0.013503 -0.017477 -0.011559 0.0043528 0.021932 0.029602 0.021932 0.0043528 -0.011559 -0.017477 -0.013503 -0.0056277 0.00034073 0.0024044 0.0017887 0.00048382 -0.00038445 -0.00067707
-0.00074873 -0.00030736 0.0010023 0.0029706 0.0038993 0.00078647 -0.0082161 -0.020095 -0.026089 -0.017163 0.0068381 0.033354 0.044923 0.033354 0.0068381 -0.017163 -0.026089 -0.020095 -0.0082161 0.00078647 0.0038993 0.0029706 0.0010023 -0.00030736 -0.00074873
-0.00083717 -0.00021222 0.0016422 0.0044292 0.0057441 0.0013366 -0.01141 -0.02823 -0.036718 -0.024079 0.0099053 0.047449 0.063831 0.047449 0.0099053 -0.024079 -0.036718 -0.02823 -0.01141 0.0013366 0.0057441 0.0044292 0.0016422 -0.00021222 -0.00083717
-0.00093627 -0.00010561 0.0023592 0.0060636 0.0078114 0.001953 -0.01499 -0.037347 -0.048627 -0.031829 0.013342 0.063245 0.085019 0.063245 0.013342 -0.031829 -0.048627 -0.037347 -0.01499 0.001953 0.0078114 0.0060636 0.0023592 -0.00010561 -0.00093627
-0.0010354 1.0371e-006 0.0030765 0.0076985 0.0098793 0.0025696 -0.01857 -0.046465 -0.060541 -0.039581 0.01678 0.079045 0.10621 0.079045 0.01678 -0.039581 -0.060541 -0.046465 -0.01857 0.0025696 0.0098793 0.0076985 0.0030765 1.0371e-006 -0.0010354
-0.0011209 9.3032e-005 0.0036952 0.0091088 0.011663 0.0031015 -0.021659 -0.054332 -0.070818 -0.046268 0.019746 0.092674 0.1245 0.092674 0.019746 -0.046268 -0.070818 -0.054332 -0.021659 0.0031015 0.011663 0.0091088 0.0036952 9.3032e-005 -0.0011209
-0.0011791 0.00015563 0.0041162 0.010068 0.012877 0.0034635 -0.023761 -0.059684 -0.07781 -0.050818 0.021764 0.10195 0.13694 0.10195 0.021764 -0.050818 -0.07781 -0.059684 -0.023761 0.0034635 0.012877 0.010068 0.0041162 0.00015563 -0.0011791
-0.0011998 0.00017785 0.0042656 0.010409 0.013308 0.0035919 -0.024507 -0.061584 -0.080293 -0.052433 0.02248 0.10524 0.14135 0.10524 0.02248 -0.052433 -0.080293 -0.061584 -0.024507 0.0035919 0.013308 0.010409 0.0042656 0.00017785 -0.0011998
-0.0011791 0.00015563 0.0041162 0.010068 0.012877 0.0034635 -0.023761 -0.059684 -0.07781 -0.050818 0.021764 0.10195 0.13694 0.10195 0.021764 -0.050818 -0.07781 -0.059684 -0.023761 0.0034635 0.012877 0.010068 0.0041162 0.00015563 -0.0011791
-0.0011209 9.3032e-005 0.0036952 0.0091088 0.011663 0.0031015 -0.021659 -0.054332 -0.070818 -0.046268 0.019746 0.092674 0.1245 0.092674 0.019746 -0.046268 -0.070818 -0.054332 -0.021659 0.0031015 0.011663 0.0091088 0.0036952 9.3032e-005 -0.0011209
-0.0010354 1.0371e-006 0.0030765 0.0076985 0.0098793 0.0025696 -0.01857 -0.046465 -0.060541 -0.039581 0.01678 0.079045 0.10621 0.079045 0.01678 -0.039581 -0.060541 -0.046465 -0.01857 0.0025696 0.0098793 0.0076985 0.0030765 1.0371e-006 -0.0010354
-0.00093627 -0.00010561 0.0023592 0.0060636 0.0078114 0.001953 -0.01499 -0.037347 -0.048627 -0.031829 0.013342 0.063245 0.085019 0.063245 0.013342 -0.031829 -0.048627 -0.037347 -0.01499 0.001953 0.0078114 0.0060636 0.0023592 -0.00010561 -0.00093627
-0.00083717 -0.00021222 0.0016422 0.0044292 0.0057441 0.0013366 -0.01141 -0.02823 -0.036718 -0.024079 0.0099053 0.047449 0.063831 0.047449 0.0099053 -0.024079 -0.036718 -0.02823 -0.01141 0.0013366 0.0057441 0.0044292 0.0016422 -0.00021222 -0.00083717
-0.00074873 -0.00030736 0.0010023 0.0029706 0.0038993 0.00078647 -0.0082161 -0.020095 -0.026089 -0.017163 0.0068381 0.033354 0.044923 0.033354 0.0068381 -0.017163 -0.026089 -0.020095 -0.0082161 0.00078647 0.0038993 0.0029706 0.0010023 -0.00030736 -0.00074873
-0.00067707 -0.00038445 0.00048382 0.0017887 0.0024044 0.00034073 -0.0056277 -0.013503 -0.017477 -0.011559 0.0043528 0.021932 0.029602 0.021932 0.0043528 -0.011559 -0.017477 -0.013503 -0.0056277 0.00034073 0.0024044 0.0017887 0.00048382 -0.00038445 -0.00067707
-0.00062383 -0.00044172 9.8642e-005 0.00091075 0.0012939 9.5889e-006 -0.0037048 -0.0086061 -0.011079 -0.0073964 0.0025065 0.013447 0.01822 0.013447 0.0025065 -0.0073964 -0.011079 -0.0086061 -0.0037048 9.5889e-006 0.0012939 0.00091075 9.8642e-005 -0.00044172 -0.00062383
-0.00058735 -0.00048097 -0.00016528 0.00030917 0.00053302 -0.0002173 -0.0023873 -0.0052507 -0.0066955 -0.004544 0.0012414 0.0076328 0.010422 0.0076328 0.0012414 -0.004544 -0.0066955 -0.0052507 -0.0023873 -0.0002173 0.00053302 0.00030917 -0.00016528 -0.00048097 -0.00058735
-0.00056421 -0.00050587 -0.00033274 -7.2548e-005 5.0217e-005 -0.00036127 -0.0015513 -0.0031216 -0.003914 -0.0027341 0.00043871 0.0039438 0.0054732 0.0039438 0.00043871 -0.0027341 -0.003914 -0.0031216 -0.0015513 -0.00036127 5.0217e-005 -7.2548e-005 -0.00033274 -0.00050587 -0.00056421
-0.00055057 -0.00052054 -0.00043141 -0.00029746 -0.00023426 -0.0004461 -0.0010587 -0.0018672 -0.0022751 -0.0016676 -3.4265e-005 0.0017702 0.0025575 0.0017702 -3.4265e-005 -0.0016676 -0.0022751 -0.0018672 -0.0010587 -0.0004461 -0.00023426 -0.00029746 -0.00043141 -0.00052054 -0.00055057
-0.0005431 -0.00052858 -0.00048551 -0.00042078 -0.00039023 -0.00049261 -0.00078868 -0.0011793 -0.0013765 -0.0010829 -0.00029358 0.00057844 0.00095893 0.00057844 -0.00029358 -0.0010829 -0.0013765 -0.0011793 -0.00078868 -0.00049261 -0.00039023 -0.00042078 -0.00048551 -0.00052858 -0.0005431
