-0.0005431 -0.00055057 -0.00056421 -0.00058735 -0.00062383 -0.00067707 -0.00074873 -0.00083717 -0.00093627 -0.0010354 -0.0011209 -0.0011791 -0.0011998 -0.0011791 -0.0011209 -0.0010354 -0.00093627 -0.00083717 -0.00074873 -0.00067707 -0.00062383 -0.00058735 -0.00056421 -0.00055057 -0.0005431
-0.00052858 -0.00052054 -0.00050587 -0.00048097 -0.00044172 -0.00038445 -0.00030736 -0.00021222 -0.00010561 1.0371e-006 9.3032e-005 0.00015563 0.00017785 0.00015563 9.3032e-005 1.0371e-006 -0.00010561 -0.00021222 -0.00030736 -0.00038445 -0.00044172 -0.00048097 -0.00050587 -0.00052054 -0.00052858
-0.00048551 -0.00043141 -0.00033274 -0.00016528 9.8642e-005 0.00048382 0.0010023 0.0016422 0.0023592 0.0030765 0.0036952 0.0041162 0.0042656 0.0041162 0.0036952 0.0030765 0.0023592 0.0016422 0.0010023 0.00048382 9.8642e-005 -0.00016528 -0.00033274 -0.00043141 -0.00048551
-0.00042078 -0.00029746 -7.2548e-005 0.00030917 0.00091075 0.0017887 0.0029706 0.0044292 0.0060636 0.0076985 0.0091088 0.010068 0.010409 0.010068 0.0091088 0.0076985 0.0060636 0.0044292 0.0029706 0.0017887 0.00091075 0.00030917 -7.2548e-005 -0.00029746 -0.00042078
-0.00039023 -0.00023426 5.0217e-005 0.00053302 0.0012939 0.0024044 0.0038993 0.0057441 0.0078114 0.0098793 0.011663 0.012877 0.013308 0.012877 0.011663 0.0098793 0.0078114 0.0057441 0.0038993 0.0024044 0.0012939 0.00053302 5.0217e-005 -0.00023426 -0.00039023
-0.00049261 -0.0004461 -0.00036127 -0.0002173 9.5889e-006 0.00034073 0.00078647 0.0013366 0.001953 0.0025696 0.0031015 0.0034635 0.0035919 0.0034635 0.0031015 0.0025696 0.001953 0.0013366 0.00078647 0.00034073 9.5889e-006 -0.0002173 -0.00036127 -0.0004461 -0.00049261
-0.00078868 -0.0010587 -0.0015513 -0.0023873 -0.0037048 -0.0056277 -0.0082161 -0.01141 -0.01499 -0.01857 -0.021659 -0.023761 -0.024507 -0.023761 -0.021659 -0.01857 -0.01499 -0.01141 -0.0082161 -0.0056277 -0.0037048 -0.0023873 -0.0015513 -0.0010587 -0.00078868
-0.0011793 -0.0018672 -0.0031216 -0.0052507 -0.0086061 -0.013503 -0.020095 -0.02823 -0.037347 -0.046465 -0.054332 -0.059684 -0.061584 -0.059684 -0.054332 -0.046465 -0.037347 -0.02823 -0.020095 -0.013503 -0.0086061 -0.0052507 -0.0031216 -0.0018672 -0.0011793
-0.0013765 -0.0022751 -0.003914 -0.0066955 -0.011079 -0.017477 -0.026089 -0.036718 -0.048627 -0.060541 -0.070818 -0.07781 -0.080293 -0.07781 -0.070818 -0.060541 -0.048627 -0.036718 -0.026089 -0.017477 -0.011079 -0.0066955 -0.003914 -0.0022751 -0.0013765
-0.0010829 -0.0016676 -0.0027341 -0.004544 -0.0073964 -0.011559 -0.017163 -0.024079 -0.031829 -0.039581 -0.046268 -0.050818 -0.052433 -0.050818 -0.046268 -0.039581 -0.031829 -0.024079 -0.017163 -0.011559 -0.0073964 -0.004544 -0.0027341 -0.0016676 -0.0010829
-0.00029358 -3.4265e-005 0.00043871 0.0012414 0.0025065 0.0043528 0.0068381 0.0099053 0.013342 0.01678 0.019746 0.021764 0.02248 0.021764 0.019746 0.01678 0.013342 0.0099053 0.0068381 0.0043528 0.0025065 0.0012414 0.00043871 -3.4265e-005 -0.00029358
0.00057844 0.0017702 0.0039438 0.0076328 0.013447 0.021932 0.033354 0.047449 0.063245 0.079045 0.092674 0.10195 0.10524 0.10195 0.092674 0.079045 0.063245 0.047449 0.033354 0.021932 0.013447 0.0076328 0.0039438 0.0017702 0.00057844
0.00095893 0.0025575 0.0054732 0.010422 0.01822 0.029602 0.044923 0.063831 0.085019 0.10621 0.1245 0.13694 0.14135 0.13694 0.1245 0.10621 0.085019 0.063831 0.044923 0.029602 0.01822 0.010422 0.0054732 0.0025575 0.00095893
0.00057844 0.0017702 0.0039438 0.0076328 0.013447 0.021932 0.033354 0.047449 0.063245 0.079045 0.092674 0.10195 0.10524 0.10195 0.092674 0.079045 0.063245 0.047449 0.033354 0.021932 0.013447 0.0076328 0.0039438 0.0017702 0.00057844
-0.00029358 -3.4265e-005 0.00043871 0.0012414 0.0025065 0.0043528 0.0068381 0.0099053 0.013342 0.01678 0.019746 0.021764 0.02248 0.021764 0.019746 0.01678 0.013342 0.0099053 0.0068381 0.0043528 0.0025065 0.0012414 0.00043871 -3.4265e-005 -0.00029358
-0.0010829 -0.0016676 -0.0027341 -0.004544 -0.0073964 -0.011559 -0.017163 -0.024079 -0.031829 -0.039581 -0.046268 -0.050818 -0.052433 -0.050818 -0.046268 -0.039581 -0.031829 -0.024079 -0.017163 -0.011559 -0.0073964 -0.004544 -0.0027341 -0.0016676 -0.0010829
-0.0013765 -0.0022751 -0.003914 -0.0066955 -0.011079 -0.017477 -0.026089 -0.036718 -0.048627 -0.060541 -0.070818 -0.07781 -0.080293 -0.07781 -0.070818 -0.060541 -0.048627 -0.036718 -0.026089 -0.017477 -0.011079 -0.0066955 -0.003914 -0.0022751 -0.0013765
-0.0011793 -0.0018672 -0.0031216 -0.0052507 -0.0086061 -0.013503 -0.020095 -0.02823 -0.037347 -0.046465 -0.054332 -0.059684 -0.061584 -0.059684 -0.054332 -0.046465 -0.037347 -0.02823 -0.020095 -0.013503 -0.0086061 -0.0052507 -0.0031216 -0.0018672 -0.0011793
-0.00078868 -0.0010587 -0.0015513 -0.0023873 -0.0037048 -0.0056277 -0.0082161 -0.01141 -0.01499 -0.01857 -0.021659 -0.023761 -0.024507 -0.023761 -0.021659 -0.01857 -0.01499 -0.01141 -0.0082161 -0.0056277 -0.0037048 -0.0023873 -0.0015513 -0.0010587 -0.00078868
-0.00049261 -0.0004461 -0.00036127 -0.0002173 9.5889e-006 0.00034073 0.00078647 0.0013366 0.001953 0.0025696 0.0031015 0.0034635 0.0035919 0.0034635 0.0031015 0.0025696 0.001953 0.0013366 0.00078647 0.00034073 9.5889e-006 -0.0002173 -0.00036127 -0.0004461 -0.00049261
-0.00039023 -0.00023426 5.0217e-005 0.00053302 0.0012939 0.0024044 0.0038993 0.0057441 0.0078114 0.0098793 0.011663 0.012877 0.013308 0.012877 0.011663 0.0098793 0.0078114 0.0057441 0.0038993 0.0024044 0.0012939 0.00053302 5.0217e-005 -0.00023426 -0.00039023
-0.00042078 -0.00029746 -7.2548e-005 0.00030917 0.00091075 0.0017887 0.0029706 0.0044292 0.0060636 0.0076985 0.0091088 0.010068 0.010409 0.010068 0.0091088 0.0076985 0.0060636 0.0044292 0.0029706 0.0017887 0.00091075 0.00030917 -7.2548e-005 -0.00029746 -0.00042078
-0.00048551 -0.00043141 -0.00033274 -0.00016528 9.8642e-005 0.00048382 0.0010023 0.0016422 0.0023592 0.0030765 0.0036952 0.0041162 0.0042656 0.0041162 0.0036952 0.0030765 0.0023592 0.0016422 0.0010023 0.00048382 9.8642e-005 -0.00016528 -0.00033274 -0.00043141 -0.00048551
-0.00052858 -0.00052054 -0.00050587 -0.00048097 -0.00044172 -0.00038445 -0.00030736 -0.00021222 -0.00010561 1.0371e-006 9.3032e-005 0.00015563 0.00017785 0.00015563 9.3032e-005 1.0371e-006 -0.00010561 -0.00021222 -0.00030736 -0.00038445 -0.00044172 -0.00048097 -0.00050587 -0.00052054 -0.00052858
-0.0005431 -0.00055057 -0.00056421 -0.00058735 -0.00062383 -0.00067707 -0.00074873 -0.00083717 -0.00093627 -0.0010354 -0.0011209 -0.0011791 -0.0011998 -0.0011791 -0.0011209 -0.0010354 -0.00093627 -0.00083717 -0.00074873 -0.00067707 -0.00062383 -0.00058735 -0.00056421 -0.00055057 -0.0005431
