-0.0010711 -0.0010494 -0.00099685 -0.00089987 -0.00076737 -0.00064487 -0.00059419 -0.00064487 -0.00076737 -0.00089987 -0.00099685 -0.0010494 -0.0010711
-0.00076485 -2.1171e-005 0.0017727 0.0050857 0.0096123 0.013797 0.015529 0.013797 0.0096123 0.0050857 0.0017727 -2.1171e-005 -0.00076485
-0.00069752 0.00020485 0.0023815 0.0064015 0.011894 0.016972 0.019073 0.016972 0.011894 0.0064015 0.0023815 0.00020485 -0.00069752
-0.0024631 -0.0057222 -0.013584 -0.028103 -0.047941 -0.066281 -0.073869 -0.066281 -0.047941 -0.028103 -0.013584 -0.0057222 -0.0024631
-0.0038309 -0.010314 -0.025953 -0.054835 -0.094297 -0.13078 -0.14587 -0.13078 -0.094297 -0.054835 -0.025953 -0.010314 -0.0038309
0.00015577 0.0030695 0.010098 0.023078 0.040812 0.057208 0.063992 0.057208 0.040812 0.023078 0.010098 0.0030695 0.00015577
0.0039494 0.015805 0.044402 0.097217 0.16938 0.23609 0.26369 0.23609 0.16938 0.097217 0.044402 0.015805 0.0039494
0.00015577 0.0030695 0.010098 0.023078 0.040812 0.057208 0.063992 0.057208 0.040812 0.023078 0.010098 0.0030695 0.00015577
-0.0038309 -0.010314 -0.025953 -0.054835 -0.094297 -0.13078 -0.14587 -0.13078 -0.094297 -0.054835 -0.025953 -0.010314 -0.0038309
-0.0024631 -0.0057222 -0.013584 -0.028103 -0.047941 -0.066281 -0.073869 -0.066281 -0.047941 -0.028103 -0.013584 -0.0057222 -0.0024631
-0.00069752 0.00020485 0.0023815 0.0064015 0.011894 0.016972 0.019073 0.016972 0.011894 0.0064015 0.0023815 0.00020485 -0.00069752
-0.00076485 -2.1171e-005 0.0017727 0.0050857 0.0096123 0.013797 0.015529 0.013797 0.0096123 0.0050857 0.0017727 -2.1171e-005 -0.00076485
-0.0010711 -0.0010494 -0.00099685 -0.00089987 -0.00076737 -0.00064487 -0.00059419 -0.00064487 -0.00076737 -0.00089987 -0.00099685 -0.0010494 -0.0010711
