-0.00031816 -0.0003136 -0.00030426 -0.0002892 -0.00026896 -0.00024655 -0.00022809 -0.00022262 -0.00024069 -0.00029152 -0.00037914 -0.00049849 -0.00063308 -0.0007555 -0.00083185 -0.00082972 -0.00072793 -0.00052532 -0.00024511 6.7067e-005 0.00035228 0.00055218 0.00062404 0.00055218 0.00035228 6.7067e-005 -0.00024511 -0.00052532 -0.00072793 -0.00082972 -0.00083185 -0.0007555 -0.00063308 -0.00049849 -0.00037914 -0.00029152 -0.00024069 -0.00022262 -0.00022809 -0.00024655 -0.00026896 -0.0002892 -0.00030426 -0.0003136 -0.00031816
-0.00031987 -0.00031314 -0.00029933 -0.00027707 -0.00024717 -0.00021406 -0.00018678 -0.00017869 -0.0002054 -0.00028051 -0.00040997 -0.00058632 -0.00078519 -0.00096608 -0.0010789 -0.0010757 -0.00092535 -0.00062596 -0.00021194 0.00024935 0.00067078 0.00096616 0.0010723 0.00096616 0.00067078 0.00024935 -0.00021194 -0.00062596 -0.00092535 -0.0010757 -0.0010789 -0.00096608 -0.00078519 -0.00058632 -0.00040997 -0.00028051 -0.0002054 -0.00017869 -0.00018678 -0.00021406 -0.00024717 -0.00027707 -0.00029933 -0.00031314 -0.00031987
-0.00032226 -0.00031249 -0.00029245 -0.00026015 -0.00021676 -0.00016872 -0.00012913 -0.0001174 -0.00015616 -0.00026514 -0.00045299 -0.00070888 -0.00099744 -0.0012599 -0.0014236 -0.0014191 -0.0012008 -0.0007664 -0.00016564 0.00050369 0.0011152 0.0015438 0.0016979 0.0015438 0.0011152 0.00050369 -0.00016564 -0.0007664 -0.0012008 -0.0014191 -0.0014236 -0.0012599 -0.00099744 -0.00070888 -0.00045299 -0.00026514 -0.00015616 -0.0001174 -0.00012913 -0.00016872 -0.00021676 -0.00026015 -0.00029245 -0.00031249 -0.00032226
-0.00032552 -0.00031159 -0.00028305 -0.00023703 -0.0001752 -0.00010674 -5.0334e-005 -3.3622e-005 -8.8838e-005 -0.00024413 -0.00051179 -0.00087642 -0.0012876 -0.0016616 -0.0018949 -0.0018883 -0.0015774 -0.00095838 -0.00010235 0.00085138 0.0017227 0.0023334 0.002553 0.0023334 0.0017227 0.00085138 -0.00010235 -0.00095838 -0.0015774 -0.0018883 -0.0018949 -0.0016616 -0.0012876 -0.00087642 -0.00051179 -0.00024413 -8.8838e-005 -3.3622e-005 -5.0334e-005 -0.00010674 -0.0001752 -0.00023703 -0.00028305 -0.00031159 -0.00032552
-0.00032989 -0.0003104 -0.00027046 -0.00020606 -0.00011954 -2.3755e-005 5.5172e-005 7.8557e-005 1.2943e-006 -0.00021601 -0.00059053 -0.0011007 -0.0016761 -0.0021994 -0.0025258 -0.0025167 -0.0020816 -0.0012154 -1.7615e-005 0.0013169 0.0025361 0.0033907 0.0036979 0.0033907 0.0025361 0.0013169 -1.7615e-005 -0.0012154 -0.0020816 -0.0025167 -0.0025258 -0.0021994 -0.0016761 -0.0011007 -0.00059053 -0.00021601 1.2943e-006 7.8557e-005 5.5172e-005 -2.3755e-005 -0.00011954 -0.00020606 -0.00027046 -0.0003104 -0.00032989
-0.00033561 -0.00030884 -0.00025396 -0.00016547 -4.6581e-005 8.5039e-005 0.00019349 0.00022562 0.00011946 -0.00017913 -0.00069376 -0.0013948 -0.0021854 -0.0029045 -0.003353 -0.0033405 -0.0027426 -0.0015524 9.3477e-005 0.0019272 0.0036026 0.0047768 0.0051989 0.0047768 0.0036026 0.0019272 9.3477e-005 -0.0015524 -0.0027426 -0.0033405 -0.003353 -0.0029045 -0.0021854 -0.0013948 -0.00069376 -0.00017913 0.00011946 0.00022562 0.00019349 8.5039e-005 -4.6581e-005 -0.00016547 -0.00025396 -0.00030884 -0.00033561
-0.00034296 -0.00030683 -0.00023278 -0.00011337 4.7047e-005 0.00022465 0.00037099 0.00041435 0.0002711 -0.00013181 -0.00082623 -0.0017722 -0.002839 -0.0038093 -0.0044145 -0.0043976 -0.0035909 -0.0019849 0.00023604 0.0027104 0.0049711 0.0065555 0.0071251 0.0065555 0.0049711 0.0027104 0.00023604 -0.0019849 -0.0035909 -0.0043976 -0.0044145 -0.0038093 -0.002839 -0.0017722 -0.00082623 -0.00013181 0.0002711 0.00041435 0.00037099 0.00022465 4.7047e-005 -0.00011337 -0.00023278 -0.00030683 -0.00034296
-0.00035218 -0.00030431 -0.00020619 -4.7961e-005 0.0001646 0.00039994 0.00059386 0.00065131 0.00046149 -7.2394e-005 -0.00099256 -0.0022461 -0.0036596 -0.0049454 -0.0057473 -0.0057249 -0.0046559 -0.0025279 0.00041503 0.0036938 0.0066893 0.0087888 0.0095435 0.0087888 0.0066893 0.0036938 0.00041503 -0.0025279 -0.0046559 -0.0057249 -0.0057473 -0.0049454 -0.0036596 -0.0022461 -0.00099256 -7.2394e-005 0.00046149 0.00065131 0.00059386 0.00039994 0.0001646 -4.7961e-005 -0.00020619 -0.00030431 -0.00035218
-0.00036351 -0.00030121 -0.00017353 3.2354e-005 0.00030895 0.00061518 0.00086751 0.00094227 0.00069526 5.6021e-007 -0.0011968 -0.0028279 -0.0046673 -0.0063403 -0.0073838 -0.0073546 -0.0059636 -0.0031946 0.00063481 0.0049012 0.0087991 0.011531 0.012513 0.011531 0.0087991 0.0049012 0.00063481 -0.0031946 -0.0059636 -0.0073546 -0.0073838 -0.0063403 -0.0046673 -0.0028279 -0.0011968 5.6021e-007 0.00069526 0.00094227 0.00086751 0.00061518 0.00030895 3.2354e-005 -0.00017353 -0.00030121 -0.00036351
-0.0003771 -0.0002975 -0.00013435 0.00012874 0.00048218 0.00087348 0.0011959 0.0012914 0.00097581 8.8112e-005 -0.0014419 -0.0035261 -0.0058765 -0.0080143 -0.0093477 -0.0093105 -0.007533 -0.0039947 0.00089857 0.0063502 0.011331 0.014822 0.016077 0.014822 0.011331 0.0063502 0.00089857 -0.0039947 -0.007533 -0.0093105 -0.0093477 -0.0080143 -0.0058765 -0.0035261 -0.0014419 8.8112e-005 0.00097581 0.0012914 0.0011959 0.00087348 0.00048218 0.00012874 -0.00013435 -0.0002975 -0.0003771
-0.00039303 -0.00029315 -8.8421e-005 0.00024171 0.00068521 0.0011762 0.0015808 0.0017007 0.0013046 0.00019073 -0.0017291 -0.0043445 -0.0072938 -0.0099764 -0.01165 -0.011603 -0.0093724 -0.0049324 0.0012077 0.0080486 0.014298 0.018679 0.020254 0.018679 0.014298 0.0080486 0.0012077 -0.0049324 -0.0093724 -0.011603 -0.01165 -0.0099764 -0.0072938 -0.0043445 -0.0017291 0.00019073 0.0013046 0.0017007 0.0015808 0.0011762 0.00068521 0.00024171 -8.8421e-005 -0.00029315 -0.00039303
-0.00041125 -0.00028817 -3.5898e-005 0.0003709 0.0009174 0.0015224 0.002021 0.0021687 0.0016807 0.00030808 -0.0020576 -0.0052804 -0.0089146 -0.01222 -0.014282 -0.014224 -0.011476 -0.0060049 0.0015612 0.0099908 0.017692 0.02309 0.02503 0.02309 0.017692 0.0099908 0.0015612 -0.0060049 -0.011476 -0.014224 -0.014282 -0.01222 -0.0089146 -0.0052804 -0.0020576 0.00030808 0.0016807 0.0021687 0.002021 0.0015224 0.0009174 0.0003709 -3.5898e-005 -0.00028817 -0.00041125
-0.00043156 -0.00028262 2.2644e-005 0.00051489 0.0011762 0.0019083 0.0025116 0.0026904 0.0020998 0.00043888 -0.0024238 -0.0063236 -0.010721 -0.014721 -0.017216 -0.017146 -0.013821 -0.0072002 0.0019553 0.012156 0.021475 0.028007 0.030355 0.028007 0.021475 0.012156 0.0019553 -0.0072002 -0.013821 -0.017146 -0.017216 -0.014721 -0.010721 -0.0063236 -0.0024238 0.00043888 0.0020998 0.0026904 0.0025116 0.0019083 0.0011762 0.00051489 2.2644e-005 -0.00028262 -0.00043156
-0.00045358 -0.0002766 8.614e-005 0.00067107 0.0014569 0.0023269 0.0030438 0.0032561 0.0025544 0.00058074 -0.0028209 -0.007455 -0.012681 -0.017434 -0.020398 -0.020316 -0.016364 -0.0084966 0.0023827 0.014504 0.025577 0.033339 0.036129 0.033339 0.025577 0.014504 0.0023827 -0.0084966 -0.016364 -0.020316 -0.020398 -0.017434 -0.012681 -0.007455 -0.0028209 0.00058074 0.0025544 0.0032561 0.0030438 0.0023269 0.0014569 0.00067107 8.614e-005 -0.0002766 -0.00045358
-0.00047678 -0.00027027 0.00015302 0.00083558 0.0017526 0.0027678 0.0036043 0.0038521 0.0030333 0.00073018 -0.0032393 -0.0086467 -0.014745 -0.020291 -0.02375 -0.023654 -0.019042 -0.0098623 0.0028328 0.016977 0.029899 0.038956 0.042212 0.038956 0.029899 0.016977 0.0028328 -0.0098623 -0.019042 -0.023654 -0.02375 -0.020291 -0.014745 -0.0086467 -0.0032393 0.00073018 0.0030333 0.0038521 0.0036043 0.0027678 0.0017526 0.00083558 0.00015302 -0.00027027 -0.00047678
-0.00050045 -0.0002638 0.00022125 0.0010034 0.0020542 0.0032175 0.0041761 0.0044601 0.0035217 0.00088261 -0.003666 -0.0098624 -0.01685 -0.023206 -0.02717 -0.027059 -0.021775 -0.011255 0.0032921 0.0195 0.034307 0.044686 0.048417 0.044686 0.034307 0.0195 0.0032921 -0.011255 -0.021775 -0.027059 -0.02717 -0.023206 -0.01685 -0.0098624 -0.003666 0.00088261 0.0035217 0.0044601 0.0041761 0.0032175 0.0020542 0.0010034 0.00022125 -0.0002638 -0.00050045
-0.00052373 -0.00025744 0.00028838 0.0011685 0.0023509 0.00366 0.0047387 0.0050583 0.0040023 0.0010326 -0.0040859 -0.011059 -0.018922 -0.026074 -0.030534 -0.03041 -0.024463 -0.012626 0.0037439 0.021982 0.038645 0.050324 0.054522 0.050324 0.038645 0.021982 0.0037439 -0.012626 -0.024463 -0.03041 -0.030534 -0.026074 -0.018922 -0.011059 -0.0040859 0.0010326 0.0040023 0.0050583 0.0047387 0.00366 0.0023509 0.0011685 0.00028838 -0.00025744 -0.00052373
-0.0005457 -0.00025144 0.00035171 0.0013243 0.0026309 0.0040775 0.0052694 0.0056226 0.0044558 0.0011741 -0.004482 -0.012187 -0.020876 -0.028779 -0.033709 -0.033571 -0.027 -0.013919 0.0041702 0.024324 0.042737 0.055642 0.060282 0.055642 0.042737 0.024324 0.0041702 -0.013919 -0.027 -0.033571 -0.033709 -0.028779 -0.020876 -0.012187 -0.004482 0.0011741 0.0044558 0.0056226 0.0052694 0.0040775 0.0026309 0.0013243 0.00035171 -0.00025144 -0.0005457
-0.00056538 -0.00024606 0.00040845 0.0014638 0.0028817 0.0044515 0.0057449 0.0061281 0.004862 0.0013009 -0.0048368 -0.013198 -0.022627 -0.031203 -0.036552 -0.036403 -0.029272 -0.015078 0.0045521 0.026422 0.046403 0.060407 0.065441 0.060407 0.046403 0.026422 0.0045521 -0.015078 -0.029272 -0.036403 -0.036552 -0.031203 -0.022627 -0.013198 -0.0048368 0.0013009 0.004862 0.0061281 0.0057449 0.0044515 0.0028817 0.0014638 0.00040845 -0.00024606 -0.00056538
-0.00058184 -0.00024156 0.00045589 0.0015805 0.0030914 0.0047642 0.0061425 0.0065509 0.0052017 0.0014069 -0.0051336 -0.014043 -0.024091 -0.03323 -0.03893 -0.038771 -0.031172 -0.016046 0.0048714 0.028177 0.049468 0.064392 0.069756 0.064392 0.049468 0.028177 0.0048714 -0.016046 -0.031172 -0.038771 -0.03893 -0.03323 -0.024091 -0.014043 -0.0051336 0.0014069 0.0052017 0.0065509 0.0061425 0.0047642 0.0030914 0.0015805 0.00045589 -0.00024156 -0.00058184
-0.00059425 -0.00023817 0.00049168 0.0016686 0.0032496 0.0050001 0.0064424 0.0068698 0.0054579 0.0014868 -0.0053574 -0.014681 -0.025195 -0.034759 -0.040723 -0.040557 -0.032605 -0.016777 0.0051123 0.0295 0.051781 0.067397 0.073011 0.067397 0.051781 0.0295 0.0051123 -0.016777 -0.032605 -0.040557 -0.040723 -0.034759 -0.025195 -0.014681 -0.0053574 0.0014868 0.0054579 0.0068698 0.0064424 0.0050001 0.0032496 0.0016686 0.00049168 -0.00023817 -0.00059425
-0.00060197 -0.00023606 0.00051394 0.0017233 0.0033481 0.0051468 0.006629 0.0070682 0.0056172 0.0015366 -0.0054967 -0.015078 -0.025882 -0.03571 -0.041839 -0.041668 -0.033497 -0.017232 0.0052622 0.030323 0.053219 0.069267 0.075035 0.069267 0.053219 0.030323 0.0052622 -0.017232 -0.033497 -0.041668 -0.041839 -0.03571 -0.025882 -0.015078 -0.0054967 0.0015366 0.0056172 0.0070682 0.006629 0.0051468 0.0033481 0.0017233 0.00051394 -0.00023606 -0.00060197
-0.00060459 -0.00023534 0.0005215 0.0017419 0.0033815 0.0051967 0.0066923 0.0071355 0.0056714 0.0015535 -0.0055439 -0.015212 -0.026115 -0.036033 -0.042218 -0.042045 -0.0338 -0.017386 0.005313 0.030603 0.053707 0.069901 0.075723 0.069901 0.053707 0.030603 0.005313 -0.017386 -0.0338 -0.042045 -0.042218 -0.036033 -0.026115 -0.015212 -0.0055439 0.0015535 0.0056714 0.0071355 0.0066923 0.0051967 0.0033815 0.0017419 0.0005215 -0.00023534 -0.00060459
-0.00060197 -0.00023606 0.00051394 0.0017233 0.0033481 0.0051468 0.006629 0.0070682 0.0056172 0.0015366 -0.0054967 -0.015078 -0.025882 -0.03571 -0.041839 -0.041668 -0.033497 -0.017232 0.0052622 0.030323 0.053219 0.069267 0.075035 0.069267 0.053219 0.030323 0.0052622 -0.017232 -0.033497 -0.041668 -0.041839 -0.03571 -0.025882 -0.015078 -0.0054967 0.0015366 0.0056172 0.0070682 0.006629 0.0051468 0.0033481 0.0017233 0.00051394 -0.00023606 -0.00060197
-0.00059425 -0.00023817 0.00049168 0.0016686 0.0032496 0.0050001 0.0064424 0.0068698 0.0054579 0.0014868 -0.0053574 -0.014681 -0.025195 -0.034759 -0.040723 -0.040557 -0.032605 -0.016777 0.0051123 0.0295 0.051781 0.067397 0.073011 0.067397 0.051781 0.0295 0.0051123 -0.016777 -0.032605 -0.040557 -0.040723 -0.034759 -0.025195 -0.014681 -0.0053574 0.0014868 0.0054579 0.0068698 0.0064424 0.0050001 0.0032496 0.0016686 0.00049168 -0.00023817 -0.00059425
-0.00058184 -0.00024156 0.00045589 0.0015805 0.0030914 0.0047642 0.0061425 0.0065509 0.0052017 0.0014069 -0.0051336 -0.014043 -0.024091 -0.03323 -0.03893 -0.038771 -0.031172 -0.016046 0.0048714 0.028177 0.049468 0.064392 0.069756 0.064392 0.049468 0.028177 0.0048714 -0.016046 -0.031172 -0.038771 -0.03893 -0.03323 -0.024091 -0.014043 -0.0051336 0.0014069 0.0052017 0.0065509 0.0061425 0.0047642 0.0030914 0.0015805 0.00045589 -0.00024156 -0.00058184
-0.00056538 -0.00024606 0.00040845 0.0014638 0.0028817 0.0044515 0.0057449 0.0061281 0.004862 0.0013009 -0.0048368 -0.013198 -0.022627 -0.031203 -0.036552 -0.036403 -0.029272 -0.015078 0.0045521 0.026422 0.046403 0.060407 0.065441 0.060407 0.046403 0.026422 0.0045521 -0.015078 -0.029272 -0.036403 -0.036552 -0.031203 -0.022627 -0.013198 -0.0048368 0.0013009 0.004862 0.0061281 0.0057449 0.0044515 0.0028817 0.0014638 0.00040845 -0.00024606 -0.00056538
-0.0005457 -0.00025144 0.00035171 0.0013243 0.0026309 0.0040775 0.0052694 0.0056226 0.0044558 0.0011741 -0.004482 -0.012187 -0.020876 -0.028779 -0.033709 -0.033571 -0.027 -0.013919 0.0041702 0.024324 0.042737 0.055642 0.060282 0.055642 0.042737 0.024324 0.0041702 -0.013919 -0.027 -0.033571 -0.033709 -0.028779 -0.020876 -0.012187 -0.004482 0.0011741 0.0044558 0.0056226 0.0052694 0.0040775 0.0026309 0.0013243 0.00035171 -0.00025144 -0.0005457
-0.00052373 -0.00025744 0.00028838 0.0011685 0.0023509 0.00366 0.0047387 0.0050583 0.0040023 0.0010326 -0.0040859 -0.011059 -0.018922 -0.026074 -0.030534 -0.03041 -0.024463 -0.012626 0.0037439 0.021982 0.038645 0.050324 0.054522 0.050324 0.038645 0.021982 0.0037439 -0.012626 -0.024463 -0.03041 -0.030534 -0.026074 -0.018922 -0.011059 -0.0040859 0.0010326 0.0040023 0.0050583 0.0047387 0.00366 0.0023509 0.0011685 0.00028838 -0.00025744 -0.00052373
-0.00050045 -0.0002638 0.00022125 0.0010034 0.0020542 0.0032175 0.0041761 0.0044601 0.0035217 0.00088261 -0.003666 -0.0098624 -0.01685 -0.023206 -0.02717 -0.027059 -0.021775 -0.011255 0.0032921 0.0195 0.034307 0.044686 0.048417 0.044686 0.034307 0.0195 0.0032921 -0.011255 -0.021775 -0.027059 -0.02717 -0.023206 -0.01685 -0.0098624 -0.003666 0.00088261 0.0035217 0.0044601 0.0041761 0.0032175 0.0020542 0.0010034 0.00022125 -0.0002638 -0.00050045
-0.00047678 -0.00027027 0.00015302 0.00083558 0.0017526 0.0027678 0.0036043 0.0038521 0.0030333 0.00073018 -0.0032393 -0.0086467 -0.014745 -0.020291 -0.02375 -0.023654 -0.019042 -0.0098623 0.0028328 0.016977 0.029899 0.038956 0.042212 0.038956 0.029899 0.016977 0.0028328 -0.0098623 -0.019042 -0.023654 -0.02375 -0.020291 -0.014745 -0.0086467 -0.0032393 0.00073018 0.0030333 0.0038521 0.0036043 0.0027678 0.0017526 0.00083558 0.00015302 -0.00027027 -0.00047678
-0.00045358 -0.0002766 8.614e-005 0.00067107 0.0014569 0.0023269 0.0030438 0.0032561 0.0025544 0.00058074 -0.0028209 -0.007455 -0.012681 -0.017434 -0.020398 -0.020316 -0.016364 -0.0084966 0.0023827 0.014504 0.025577 0.033339 0.036129 0.033339 0.025577 0.014504 0.0023827 -0.0084966 -0.016364 -0.020316 -0.020398 -0.017434 -0.012681 -0.007455 -0.0028209 0.00058074 0.0025544 0.0032561 0.0030438 0.0023269 0.0014569 0.00067107 8.614e-005 -0.0002766 -0.00045358
-0.00043156 -0.00028262 2.2644e-005 0.00051489 0.0011762 0.0019083 0.0025116 0.0026904 0.0020998 0.00043888 -0.0024238 -0.0063236 -0.010721 -0.014721 -0.017216 -0.017146 -0.013821 -0.0072002 0.0019553 0.012156 0.021475 0.028007 0.030355 0.028007 0.021475 0.012156 0.0019553 -0.0072002 -0.013821 -0.017146 -0.017216 -0.014721 -0.010721 -0.0063236 -0.0024238 0.00043888 0.0020998 0.0026904 0.0025116 0.0019083 0.0011762 0.00051489 2.2644e-005 -0.00028262 -0.00043156
-0.00041125 -0.00028817 -3.5898e-005 0.0003709 0.0009174 0.0015224 0.002021 0.0021687 0.0016807 0.00030808 -0.0020576 -0.0052804 -0.0089146 -0.01222 -0.014282 -0.014224 -0.011476 -0.0060049 0.0015612 0.0099908 0.017692 0.02309 0.02503 0.02309 0.017692 0.0099908 0.0015612 -0.0060049 -0.011476 -0.014224 -0.014282 -0.01222 -0.0089146 -0.0052804 -0.0020576 0.00030808 0.0016807 0.0021687 0.002021 0.0015224 0.0009174 0.0003709 -3.5898e-005 -0.00028817 -0.00041125
-0.00039303 -0.00029315 -8.8421e-005 0.00024171 0.00068521 0.0011762 0.0015808 0.0017007 0.0013046 0.00019073 -0.0017291 -0.0043445 -0.0072938 -0.0099764 -0.01165 -0.011603 -0.0093724 -0.0049324 0.0012077 0.0080486 0.014298 0.018679 0.020254 0.018679 0.014298 0.0080486 0.0012077 -0.0049324 -0.0093724 -0.011603 -0.01165 -0.0099764 -0.0072938 -0.0043445 -0.0017291 0.00019073 0.0013046 0.0017007 0.0015808 0.0011762 0.00068521 0.00024171 -8.8421e-005 -0.00029315 -0.00039303
-0.0003771 -0.0002975 -0.00013435 0.00012874 0.00048218 0.00087348 0.0011959 0.0012914 0.00097581 8.8112e-005 -0.0014419 -0.0035261 -0.0058765 -0.0080143 -0.0093477 -0.0093105 -0.007533 -0.0039947 0.00089857 0.0063502 0.011331 0.014822 0.016077 0.014822 0.011331 0.0063502 0.00089857 -0.0039947 -0.007533 -0.0093105 -0.0093477 -0.0080143 -0.0058765 -0.0035261 -0.0014419 8.8112e-005 0.00097581 0.0012914 0.0011959 0.00087348 0.00048218 0.00012874 -0.00013435 -0.0002975 -0.0003771
-0.00036351 -0.00030121 -0.00017353 3.2354e-005 0.00030895 0.00061518 0.00086751 0.00094227 0.00069526 5.6021e-007 -0.0011968 -0.0028279 -0.0046673 -0.0063403 -0.0073838 -0.0073546 -0.0059636 -0.0031946 0.00063481 0.0049012 0.0087991 0.011531 0.012513 0.011531 0.0087991 0.0049012 0.00063481 -0.0031946 -0.0059636 -0.0073546 -0.0073838 -0.0063403 -0.0046673 -0.0028279 -0.0011968 5.6021e-007 0.00069526 0.00094227 0.00086751 0.00061518 0.00030895 3.2354e-005 -0.00017353 -0.00030121 -0.00036351
-0.00035218 -0.00030431 -0.00020619 -4.7961e-005 0.0001646 0.00039994 0.00059386 0.00065131 0.00046149 -7.2394e-005 -0.00099256 -0.0022461 -0.0036596 -0.0049454 -0.0057473 -0.0057249 -0.0046559 -0.0025279 0.00041503 0.0036938 0.0066893 0.0087888 0.0095435 0.0087888 0.0066893 0.0036938 0.00041503 -0.0025279 -0.0046559 -0.0057249 -0.0057473 -0.0049454 -0.0036596 -0.0022461 -0.00099256 -7.2394e-005 0.00046149 0.00065131 0.00059386 0.00039994 0.0001646 -4.7961e-005 -0.00020619 -0.00030431 -0.00035218
-0.00034296 -0.00030683 -0.00023278 -0.00011337 4.7047e-005 0.00022465 0.00037099 0.00041435 0.0002711 -0.00013181 -0.00082623 -0.0017722 -0.002839 -0.0038093 -0.0044145 -0.0043976 -0.0035909 -0.0019849 0.00023604 0.0027104 0.0049711 0.0065555 0.0071251 0.0065555 0.0049711 0.0027104 0.00023604 -0.0019849 -0.0035909 -0.0043976 -0.0044145 -0.0038093 -0.002839 -0.0017722 -0.00082623 -0.00013181 0.0002711 0.00041435 0.00037099 0.00022465 4.7047e-005 -0.00011337 -0.00023278 -0.00030683 -0.00034296
-0.00033561 -0.00030884 -0.00025396 -0.00016547 -4.6581e-005 8.5039e-005 0.00019349 0.00022562 0.00011946 -0.00017913 -0.00069376 -0.0013948 -0.0021854 -0.0029045 -0.003353 -0.0033405 -0.0027426 -0.0015524 9.3477e-005 0.0019272 0.0036026 0.0047768 0.0051989 0.0047768 0.0036026 0.0019272 9.3477e-005 -0.0015524 -0.0027426 -0.0033405 -0.003353 -0.0029045 -0.0021854 -0.0013948 -0.00069376 -0.00017913 0.00011946 0.00022562 0.00019349 8.5039e-005 -4.6581e-005 -0.00016547 -0.00025396 -0.00030884 -0.00033561
-0.00032989 -0.0003104 -0.00027046 -0.00020606 -0.00011954 -2.3755e-005 5.5172e-005 7.8557e-005 1.2943e-006 -0.00021601 -0.00059053 -0.0011007 -0.0016761 -0.0021994 -0.0025258 -0.0025167 -0.0020816 -0.0012154 -1.7615e-005 0.0013169 0.0025361 0.0033907 0.0036979 0.0033907 0.0025361 0.0013169 -1.7615e-005 -0.0012154 -0.0020816 -0.0025167 -0.0025258 -0.0021994 -0.0016761 -0.0011007 -0.00059053 -0.00021601 1.2943e-006 7.8557e-005 5.5172e-005 -2.3755e-005 -0.00011954 -0.00020606 -0.00027046 -0.0003104 -0.00032989
-0.00032552 -0.00031159 -0.00028305 -0.00023703 -0.0001752 -0.00010674 -5.0334e-005 -3.3622e-005 -8.8838e-005 -0.00024413 -0.00051179 -0.00087642 -0.0012876 -0.0016616 -0.0018949 -0.0018883 -0.0015774 -0.00095838 -0.00010235 0.00085138 0.0017227 0.0023334 0.002553 0.0023334 0.0017227 0.00085138 -0.00010235 -0.00095838 -0.0015774 -0.0018883 -0.0018949 -0.0016616 -0.0012876 -0.00087642 -0.00051179 -0.00024413 -8.8838e-005 -3.3622e-005 -5.0334e-005 -0.00010674 -0.0001752 -0.00023703 -0.00028305 -0.00031159 -0.00032552
-0.00032226 -0.00031249 -0.00029245 -0.00026015 -0.00021676 -0.00016872 -0.00012913 -0.0001174 -0.00015616 -0.00026514 -0.00045299 -0.00070888 -0.00099744 -0.0012599 -0.0014236 -0.0014191 -0.0012008 -0.0007664 -0.00016564 0.00050369 0.0011152 0.0015438 0.0016979 0.0015438 0.0011152 0.00050369 -0.00016564 -0.0007664 -0.0012008 -0.0014191 -0.0014236 -0.0012599 -0.00099744 -0.00070888 -0.00045299 -0.00026514 -0.00015616 -0.0001174 -0.00012913 -0.00016872 -0.00021676 -0.00026015 -0.00029245 -0.00031249 -0.00032226
-0.00031987 -0.00031314 -0.00029933 -0.00027707 -0.00024717 -0.00021406 -0.00018678 -0.00017869 -0.0002054 -0.00028051 -0.00040997 -0.00058632 -0.00078519 -0.00096608 -0.0010789 -0.0010757 -0.00092535 -0.00062596 -0.00021194 0.00024935 0.00067078 0.00096616 0.0010723 0.00096616 0.00067078 0.00024935 -0.00021194 -0.00062596 -0.00092535 -0.0010757 -0.0010789 -0.00096608 -0.00078519 -0.00058632 -0.00040997 -0.00028051 -0.0002054 -0.00017869 -0.00018678 -0.00021406 -0.00024717 -0.00027707 -0.00029933 -0.00031314 -0.00031987
-0.00031816 -0.0003136 -0.00030426 -0.0002892 -0.00026896 -0.00024655 -0.00022809 -0.00022262 -0.00024069 -0.00029152 -0.00037914 -0.00049849 -0.00063308 -0.0007555 -0.00083185 -0.00082972 -0.00072793 -0.00052532 -0.00024511 6.7067e-005 0.00035228 0.00055218 0.00062404 0.00055218 0.00035228 6.7067e-005 -0.00024511 -0.00052532 -0.00072793 -0.00082972 -0.00083185 -0.0007555 -0.00063308 -0.00049849 -0.00037914 -0.00029152 -0.00024069 -0.00022262 -0.00022809 -0.00024655 -0.00026896 -0.0002892 -0.00030426 -0.0003136 -0.00031816
